time,ax_g,ay_g,az_g,gx_dps,gy_dps,gz_dps,label
0.1655,-0.1145,0.21094,1.02173,-11.51145,11.38931,-86.79389,G4
0.17550000000000002,-0.12545205479452054,0.21370027397260274,1.0283327397260273,-11.11408698630137,8.063994931506846,-88.26832150684932,G4
0.18550000000000003,-0.12407437086092712,0.21994443708609274,1.0314594039735099,-11.07871284768212,3.897276092715224,-89.34512649006624,G4
0.19550000000000003,-0.11229238709677417,0.22893903225806453,1.0315656129032258,-11.367444967741937,-0.9738441935483974,-90.06402490322581,G4
0.20550000000000004,-0.1037052903225806,0.23090677419354838,1.0297527096774193,-12.165277225806454,-5.445650645161309,-90.16252167741936,G4
0.21550000000000005,-0.09259774647887316,0.2326330985915493,1.0250139436619718,-13.060099295774654,-9.107620985915508,-90.37888366197184,G4
0.22550000000000006,-0.07861745762711853,0.2338981355932203,1.016835254237288,-14.045542711864412,-11.756759491525427,-90.75921847457629,G4
0.23550000000000007,-0.06240841807909593,0.2320337288135593,1.004422824858757,-14.804587909604525,-12.282917683615823,-91.7080263841808,G4
0.24550000000000008,-0.048068149999999935,0.22881629999999994,0.9933972999999999,-15.463052350000003,-12.430688749999995,-92.79564920000001,G4
0.25550000000000006,-0.038303149999999946,0.22228629999999996,0.9857673,-15.875267350000003,-11.652063749999996,-94.2231292,G4
0.26550000000000007,-0.03244221621621624,0.21539270270270267,0.9787808648648648,-16.220591459459463,-10.500930810810797,-95.61955756756757,G4
0.2755000000000001,-0.03613951351351354,0.20760891891891886,0.973370054054054,-16.40214821621622,-8.437795675675662,-96.93996297297298,G4
0.2855000000000001,-0.03944254658385095,0.20164850931677014,0.9690719254658384,-16.537197142857146,-6.180928695652156,-98.49717782608697,G4
0.2955000000000001,-0.0422437888198758,0.19800875776397514,0.9661899378881987,-16.613054285714288,-3.6774939130434587,-100.35578652173915,G4
0.3055000000000001,-0.04701841059602654,0.2006770198675497,0.9744892052980133,-16.886102781456955,-1.8336818543046214,-102.74455132450333,G4
0.3155000000000001,-0.056527368421052805,0.20524578947368427,0.9799426315789472,-17.36922736842106,-0.40177052631578164,-105.15628894736844,G4
0.3255000000000001,-0.07523789473684231,0.21110763157894744,0.9744821052631578,-18.21293789473685,0.44194657894737743,-107.38609815789476,G4
0.33550000000000013,-0.08247916666666671,0.21265666666666666,0.9726066666666666,-18.498728333333336,0.48473583333333137,-108.11195833333333,G4
0.34550000000000014,-0.08685312500000006,0.2131275,0.9716275,-18.64503875,0.3272931249999979,-108.46183125,G4
0.35550000000000015,-0.09122708333333339,0.21359833333333333,0.9706483333333333,-18.791349166666667,0.1698504166666644,-108.81170416666667,G4
0.36550000000000016,-0.09560104166666673,0.21406916666666667,0.9696691666666667,-18.937659583333335,0.012407708333330825,-109.16157708333334,G4
0.37550000000000017,-0.09997500000000006,0.21454,0.9686899999999999,-19.08397,-0.14503500000000258,-109.51145,G4
0.3855000000000002,-0.10434895833333341,0.21501083333333335,0.9677108333333333,-19.23028041666667,-0.3024777083333361,-109.86132291666667,G4
0.3955000000000002,-0.10872291666666674,0.21548166666666668,0.9667316666666667,-19.376590833333335,-0.4599204166666697,-110.21119583333333,G4
0.4055000000000002,-0.11309687500000008,0.2159525,0.9657525,-19.52290125,-0.6173631250000031,-110.56106875,G4
0.4155000000000002,-0.11747083333333341,0.21642333333333333,0.9647733333333334,-19.66921166666667,-0.7748058333333367,-110.91094166666667,G4
0.4255000000000002,-0.12105116343490305,0.21688614958448754,0.9638733795013851,-19.80507966759003,-0.9815364542936379,-111.23884069252078,G4
0.4355000000000002,-0.12145698060941829,0.2173168975069252,0.9632902770083103,-19.89917800554017,-1.3854187257617823,-111.47884415512465,G4
0.44550000000000023,-0.12186279778393352,0.2177476454293629,0.9627071745152355,-19.993276343490304,-1.789300997229927,-111.71884761772853,G4
0.45550000000000024,-0.12226861495844876,0.21817839335180056,0.9621240720221607,-20.087374681440444,-2.1931832686980712,-111.95885108033241,G4
0.46550000000000025,-0.122674432132964,0.21860914127423822,0.9615409695290859,-20.181473019390584,-2.597065540166216,-112.19885454293629,G4
0.47550000000000026,-0.12308024930747923,0.2190398891966759,0.960957867036011,-20.275571357340723,-3.0009478116343606,-112.43885800554017,G4
0.48550000000000026,-0.12348606648199446,0.21947063711911358,0.9603747645429362,-20.36966969529086,-3.404830083102505,-112.67886146814405,G4
0.4955000000000003,-0.1238918836565097,0.21990138504155127,0.9597916620498615,-20.463768033241,-3.8087123545706496,-112.91886493074793,G4
0.5055000000000003,-0.12429770083102494,0.22033213296398893,0.9592085595567867,-20.55786637119114,-4.212594626038793,-113.15886839335181,G4
0.5155000000000003,-0.12470351800554018,0.2207628808864266,0.9586254570637119,-20.65196470914128,-4.616476897506939,-113.39887185595569,G4
0.5255000000000003,-0.1251093351800554,0.22119362880886428,0.9580423545706371,-20.74606304709142,-5.020359168975083,-113.63887531855957,G4
0.5355000000000003,-0.12551515235457064,0.22162437673130195,0.9574592520775623,-20.840161385041554,-5.424241440443227,-113.87887878116345,G4
0.5455000000000003,-0.12592096952908588,0.2220551246537396,0.9568761495844875,-20.934259722991694,-5.828123711911372,-114.11888224376733,G4
0.5555000000000003,-0.12632678670360112,0.2224858725761773,0.9562930470914127,-21.028358060941834,-6.2320059833795165,-114.35888570637121,G4
0.5655000000000003,-0.12673260387811636,0.22291662049861496,0.9557099445983379,-21.122456398891973,-6.635888254847661,-114.59888916897508,G4
0.5755000000000003,-0.12691333333333332,0.22473000000000007,0.9550799999999999,-21.562343333333356,-9.60305000000014,-115.65903333333338,G4
0.5855000000000004,-0.12702298245614035,0.22698000000000007,0.9544352631578947,-22.111426666666688,-13.379668421052767,-116.97816929824566,G4
0.5955000000000004,-0.12195299999999962,0.227931,0.9511719999999997,-22.76794200000003,-18.027481000000197,-118.34656300000005,G4
0.6055000000000004,-0.11127174999999963,0.22747475,0.9450719999999997,-23.54084200000003,-23.6190872500002,-119.76831925000005,G4
0.6155000000000004,-0.10477857142857122,0.22016285714285685,0.9430828571428571,-23.901129047619058,-27.27953904761917,-120.74154714285717,G4
0.6255000000000004,-0.0988564935064933,0.2119161038961036,0.9416542857142857,-24.205150692640704,-30.676651601731727,-121.6536120779221,G4
0.6355000000000004,-0.08679711864406714,0.2046376271186438,0.9403701694915254,-24.429292372881363,-34.113860847457765,-122.72428355932207,G4
0.6455000000000004,-0.07010785310734391,0.19808960451977373,0.9391950282485876,-24.593173728813564,-37.58131847457643,-123.91460559322039,G4
0.6555000000000004,-0.05228225806451538,0.1939412903225805,0.9430580645161293,-24.673232580645163,-40.06353258064525,-125.01157580645166,G4
0.6655000000000004,-0.03577465277777731,0.1902418055555554,0.9489972222222225,-24.791775277777788,-41.99491312500004,-126.05004826388893,G4
0.6755000000000004,-0.02407326388888839,0.18608902777777758,0.9573861111111115,-25.088636388888904,-43.012725625000044,-126.98304131944448,G4
0.6855000000000004,-0.007052137931033636,0.1859144827586207,0.9620524137931037,-25.511768896551747,-43.649593379310375,-128.04727675862074,G4
0.6955000000000005,0.007023902439024704,0.18449682926829244,0.9604321951219507,-26.079689268292718,-43.86929804878047,-129.05306268292685,G4
0.7055000000000005,0.013645853658536872,0.1792102439024388,0.9491882926829264,-26.852353902439056,-43.506237073170716,-129.90020902439028,G4
0.7155000000000005,0.01992490066225192,0.16684894039735035,0.93812476821192,-27.55644039735102,-42.54557231788075,-130.8435392715232,G4
0.7255000000000005,0.02549344370860942,0.15324529801324469,0.9283538410596025,-28.097970927152318,-41.40983470198672,-131.88585026490074,G4
0.7355000000000005,0.028890794701986904,0.1453181456953639,0.9231816556291388,-28.12830867549669,-40.4897618543046,-133.15980390728484,G4
0.7455000000000005,0.03201000000000014,0.1427014525139665,0.9216769273743016,-28.15532061452514,-40.2794148603352,-134.54501569832408,G4
0.7555000000000005,0.03501000000000016,0.14236067039106146,0.9217439664804469,-28.18090720670391,-40.373236089385486,-135.9779095530727,G4
0.7655000000000005,0.03633153539381861,0.14272920239282158,0.9214070488534396,-28.194290588235294,-40.53127656031906,-136.36589519441677,G4
0.7755000000000005,0.0374870687936192,0.1431678863409771,0.9210301794616151,-28.20646705882353,-40.695668384845476,-136.6505382652044,G4
0.7855000000000005,0.038642602193419806,0.14360657028913262,0.9206533100697906,-28.218643529411764,-40.860060209371895,-136.93518133599204,G4
0.7955000000000005,0.0397981355932204,0.14404525423728817,0.920276440677966,-28.23082,-41.024452033898314,-137.21982440677968,G4
0.8055000000000005,0.040953668993021004,0.1444839381854437,0.9198995712861415,-28.242996470588235,-41.18884385842473,-137.50446747756732,G4
0.8155000000000006,0.0421092023928216,0.14492262213359924,0.919522701894317,-28.255172941176472,-41.35323568295116,-137.78911054835496,G4
0.8255000000000006,0.0432647357926222,0.14536130608175477,0.9191458325024925,-28.267349411764705,-41.51762750747758,-138.0737536191426,G4
0.8355000000000006,0.0444202691924228,0.1457999900299103,0.9187689631106679,-28.279525882352942,-41.682019332003996,-138.35839668993023,G4
0.8455000000000006,0.045575802592223394,0.14623867397806584,0.9183920937188434,-28.29170235294118,-41.846411156530415,-138.64303976071787,G4
0.8555000000000006,0.046731335992023997,0.14667735792622136,0.9180152243270189,-28.303878823529413,-42.01080298105684,-138.9276828315055,G4
0.8655000000000006,0.04644523674911658,0.14687428268551236,0.9178182544169611,-28.29489629681979,-42.253657575971744,-139.11185667844524,G4
0.8755000000000006,0.04596255123674909,0.14703824028268553,0.9176458162544169,-28.28302845229682,-42.507211639575985,-139.28233017667844,G4
0.8855000000000006,0.0454798657243816,0.14720219787985866,0.9174733780918727,-28.27116060777385,-42.760765703180226,-139.45280367491168,G4
0.8955000000000006,0.044997180212014105,0.1473661554770318,0.9173009399293286,-28.259292763250883,-43.01431976678447,-139.62327717314488,G4
0.9055000000000006,0.04451449469964661,0.14753011307420497,0.9171285017667844,-28.247424918727916,-43.26787383038871,-139.7937506713781,G4
0.9155000000000006,0.04403180918727912,0.1476940706713781,0.9169560636042402,-28.235557074204948,-43.52142789399295,-139.96422416961133,G4
0.9255000000000007,0.04354912367491163,0.14785802826855124,0.916783625441696,-28.223689229681977,-43.77498195759719,-140.13469766784453,G4
0.9355000000000007,0.043066438162544136,0.14802198586572438,0.9166111872791519,-28.21182138515901,-44.028536021201425,-140.30517116607774,G4
0.9455000000000007,0.042583752650176644,0.14818594346289754,0.9164387491166077,-28.19995354063604,-44.28209008480567,-140.47564466431098,G4
0.9555000000000007,0.04210106713780915,0.14834990106007068,0.9162663109540635,-28.188085696113074,-44.53564414840991,-140.64611816254418,G4
0.9655000000000007,0.04161838162544166,0.1485138586572438,0.9160938727915193,-28.176217851590106,-44.78919821201415,-140.8165916607774,G4
0.9755000000000007,0.04113569611307417,0.14867781625441695,0.9159214346289752,-28.164350007067135,-45.04275227561839,-140.98706515901063,G4
0.9855000000000007,0.04065301060070668,0.14884177385159011,0.915748996466431,-28.152482162544167,-45.29630633922263,-141.15753865724383,G4
0.9955000000000007,0.04017032508833919,0.14900573144876325,0.9155765583038868,-28.1406143180212,-45.54986040282687,-141.32801215547704,G4
1.0055000000000007,0.03167170731707229,0.1464415853658534,0.9140610975609754,-27.858781463414605,-48.19391134146368,-142.40699890243914,G4
1.0155000000000007,0.02178271084337397,0.14272644578313212,0.9124484939759038,-27.47089090361442,-51.880529277108856,-143.81302680722902,G4
1.0255000000000007,0.027812831325301705,0.13757584337349354,0.9148762048192772,-27.020234277108397,-57.16885457831369,-145.12821355421698,G4
1.0355000000000008,0.03628229323308368,0.13314146616541325,0.9148390601503756,-26.716467368421043,-61.83182646616573,-146.08271165413538,G4
1.0455000000000008,0.0479853007518806,0.12965650375939825,0.9115345488721802,-26.607414736842095,-65.6658415037597,-146.559087593985,G4
1.0555000000000008,0.059688308270677524,0.1261715413533832,0.9082300375939847,-26.498362105263148,-69.49985654135367,-147.03546353383462,G4
1.0655000000000008,0.09483633093525472,0.12537,0.9046282014388487,-26.312593741007177,-75.48146201438895,-147.2634382733813,G4
1.0755000000000008,0.14493753623188874,0.12822550724637738,0.8984078260869558,-26.35977782608699,-81.21052869565248,-147.6446501449276,G4
1.0855000000000008,0.2080100000000051,0.13574000000000017,0.8880599999999985,-26.82443000000008,-85.48091999999986,-148.3969400000001,G4
1.0955000000000008,0.26565583333333775,0.13769138888888904,0.8719558333333322,-27.757423055555627,-83.95419777777765,-149.2663219444445,G4
1.1055000000000008,0.30817220125786404,0.13321767295597411,0.8563995597484265,-28.216332452830198,-80.0239056603769,-150.21344974842776,G4
1.1155000000000008,0.3388011320754745,0.12369566037735763,0.8412737735849043,-28.30274754716982,-74.20509433962211,-151.22166358490577,G4
1.1255000000000008,0.3543543478260884,0.11164347826086844,0.8366990062111798,-27.5602836024844,-67.43539757763912,-153.11915397515546,G4
1.1355000000000008,0.3627512587412584,0.09877958041957917,0.8359159440559446,-26.676665034964937,-60.42427741258676,-155.30433433566455,G4
1.1455000000000009,0.359254755244755,0.08461174825174719,0.8412935664335669,-25.58767902097894,-53.03624244755189,-157.9520686013988,G4
1.1555000000000009,0.341056816608995,0.08303110726643594,0.8459917647058828,-24.96610958477504,-50.12155287197212,-158.87434972318346,G4
1.1655000000000009,0.3217523183390988,0.08239788927335635,0.8506388235294121,-24.379722041522445,-47.54356671280256,-159.6667580276817,G4
1.1755000000000009,0.3015079999999964,0.0820280000000005,0.8546942499999991,-23.800759499999966,-45.04847099999996,-160.45991300000006,G4
1.1855000000000009,0.2587079999999964,0.0879780000000005,0.8445504999999991,-23.399996999999967,-44.54274599999996,-161.27098800000007,G4
1.195500000000001,0.23308935348446652,0.09250956339210771,0.8390864903442485,-23.1558291099916,-44.509403845508025,-161.7505714609572,G4
1.205500000000001,0.22933788413098205,0.0952358438287156,0.8395785138539044,-23.11096345088161,-45.077276221662515,-161.80825659949622,G4
1.215500000000001,0.22558641477749758,0.0979621242653235,0.8400705373635601,-23.066097791771618,-45.64514859781701,-161.86594173803527,G4
1.225500000000001,0.2218349454240131,0.1006884047019314,0.8405625608732158,-23.021232132661627,-46.2130209739715,-161.9236268765743,G4
1.235500000000001,0.21808347607052864,0.10341468513853928,0.8410545843828716,-22.976366473551632,-46.78089335012599,-161.98131201511336,G4
1.245500000000001,0.21433200671704417,0.10614096557514718,0.8415466078925273,-22.93150081444164,-47.34876572628049,-162.0389971536524,G4
1.255500000000001,0.2105805373635597,0.10886724601175508,0.842038631402183,-22.88663515533165,-47.91663810243498,-162.09668229219145,G4
1.265500000000001,0.20682906801007522,0.11159352644836297,0.8425306549118389,-22.84176949622166,-48.48451047858947,-162.15436743073047,G4
1.275500000000001,0.20307759865659075,0.11431980688497087,0.8430226784214946,-22.796903837111667,-49.05238285474397,-162.21205256926953,G4
1.285500000000001,0.19932612930310628,0.11704608732157876,0.8435147019311503,-22.752038178001676,-49.62025523089846,-162.26973770780856,G4
1.295500000000001,0.1955746599496218,0.11977236775818666,0.8440067254408061,-22.707172518891685,-50.18812760705295,-162.32742284634762,G4
1.305500000000001,0.19182319059613734,0.12249864819479456,0.8444987489504618,-22.662306859781694,-50.755999983207445,-162.38510798488664,G4
1.315500000000001,0.19106815217391324,0.13374246376811774,0.8467923913043481,-22.60897065217391,-53.48849264492798,-162.16595434782604,G4
1.325500000000001,0.19297032608695672,0.1525395652173931,0.8506836956521743,-22.54812282608695,-58.14055423913087,-161.701302173913,G4
1.335500000000001,0.1948725000000002,0.1713366666666684,0.8545750000000003,-22.487274999999993,-62.79261583333376,-161.23664999999997,G4
1.345500000000001,0.19819461826347343,0.17805933383233563,0.8552446482035927,-22.54631357784432,-64.74250980538932,-160.906280007485,G4
1.355500000000001,0.20194087574850336,0.18117535179640748,0.8549519835329341,-22.64116238023953,-65.8852627994013,-160.6160202769461,G4
1.365500000000001,0.2056871332335333,0.18429136976047936,0.8546593188622754,-22.736011182634737,-67.02801579341327,-160.32576054640717,G4
1.375500000000001,0.20943339071856323,0.1874073877245512,0.8543666541916167,-22.83085998502995,-68.17076878742526,-160.03550081586823,G4
1.385500000000001,0.2131796482035932,0.19052340568862308,0.854073989520958,-22.925708787425158,-69.31352178143723,-159.74524108532933,G4
1.395500000000001,0.21692590568862313,0.19363942365269493,0.8537813248502993,-23.020557589820367,-70.45627477544922,-159.4549813547904,G4
1.405500000000001,0.22067216317365307,0.19675544161676678,0.8534886601796406,-23.115406392215576,-71.59902776946119,-159.16472162425148,G4
1.415500000000001,0.22441842065868303,0.19987145958083866,0.853195995508982,-23.210255194610788,-72.74178076347317,-158.87446189371255,G4
1.425500000000001,0.22816467814371297,0.2029874775449105,0.8529033308383233,-23.305103997005997,-73.88453375748514,-158.58420216317364,G4
1.435500000000001,0.2319109356287429,0.20610349550898238,0.8526106661676646,-23.399952799401206,-75.02728675149712,-158.2939424326347,G4
1.4455000000000011,0.23565719311377287,0.20921951347305423,0.852318001497006,-23.494801601796418,-76.1700397455091,-158.00368270209577,G4
1.4555000000000011,0.2394034505988028,0.21233553143712608,0.8520253368263473,-23.589650404191627,-77.31279273952107,-157.71342297155687,G4
1.4655000000000011,0.24314970808383274,0.21545154940119796,0.8517326721556886,-23.684499206586835,-78.45554573353306,-157.42316324101793,G4
1.4755000000000011,0.27018536423841744,0.22182986754967013,0.846854503311257,-24.105254105960366,-82.55386463576252,-155.74713397350953,G4
1.4855000000000012,0.3307350331125901,0.23290271523178943,0.8353776821192039,-24.994995827814677,-90.90531496688843,-152.07694854304592,G4
1.4955000000000012,0.3898117391304416,0.2291273913043472,0.8239865217391291,-25.475604782608745,-93.76502086956548,-149.21407782608665,G4
1.5055000000000012,0.4487247826087021,0.22370227053140038,0.8126048792270519,-25.910754541062847,-96.01453294686016,-146.44090874396105,G4
1.5155000000000012,0.5161276865671723,0.2050836567164154,0.8003135820895508,-25.379511343283497,-92.33063753731285,-142.26250417910396,G4
1.5255000000000012,0.5557946153846165,0.1900261538461528,0.7922394871794868,-24.530824102563983,-87.25895512820449,-139.02563846153822,G4
1.5355000000000012,0.5647836263736274,0.1814876923076913,0.7887486446886443,-23.557750842490726,-82.00772069597006,-137.06830879120858,G4
1.5455000000000012,0.5737726373626385,0.17294923076922977,0.7852578021978018,-22.58467758241747,-76.75648626373565,-135.1109791208789,G4
1.5555000000000012,0.5689890209790199,0.16252937062936934,0.7740404195804179,-20.590400699300428,-66.67624118880983,-132.77500013985986,G4
1.5655000000000012,0.5509720930232515,0.15018465116278887,0.7660462790697679,-17.889936279069346,-55.49121023255688,-130.32913860465086,G4
1.5755000000000012,0.5144103597122239,0.1353641726618693,0.7701967625899306,-14.399364460431173,-45.33395654676182,-127.88005928057515,G4
1.5855000000000012,0.46566935251797936,0.12596848920863188,0.789865827338132,-10.64297597122254,-39.36987021582657,-124.88154129496364,G4
1.5955000000000013,0.4348829857819879,0.11801601895734508,0.8037829383886269,-8.19948265402822,-37.07550279620849,-122.47754933649263,G4
1.6055000000000013,0.4137645023696657,0.11084066350710814,0.814602843601897,-6.462932890995052,-36.75713786729854,-120.39368677725093,G4
1.6155000000000013,0.4228537209302368,0.10483162790697613,0.8291869767441882,-4.507364651162529,-38.253152325581766,-117.44753744186002,G4
1.6255000000000013,0.46228481481482153,0.10294777777777872,0.8505540740740781,-2.5105988888886914,-40.746394444444554,-113.57308111111055,G4
1.6355000000000013,0.5155440740740806,0.11045888888888981,0.8826503703703743,-0.9499544444442536,-41.594572222222325,-109.11732555555501,G4
1.6455000000000013,0.5532057142857186,0.13498285714286035,0.8970071428571443,-0.4013099999999467,-37.08614999999938,-104.67720928571374,G4
1.6555000000000013,0.5730244303797473,0.15298113924050755,0.8928455696202505,-0.4875865822785592,-30.374527215188806,-101.02792822784774,G4
1.6655000000000013,0.5767332911392411,0.16256341772152033,0.8721367088607566,-1.0963397468355291,-22.054881645568443,-98.1677446835439,G4
1.6755000000000013,0.5725289981447118,0.16316358070500925,0.8688755473098329,-1.0851043042671522,-20.253138163265128,-97.7877879962894,G4
1.6855000000000013,0.567636604823747,0.16298269016697586,0.8671315769944339,-1.0199568089053712,-19.018168775510027,-97.62350320964747,G4
1.6955000000000013,0.5627442115027823,0.16280179962894245,0.865387606679035,-0.9548093135435901,-17.783199387754927,-97.45921842300554,G4
1.7055000000000013,0.5578518181818175,0.16262090909090907,0.8636436363636362,-0.889661818181809,-16.548229999999826,-97.29493363636361,G4
1.7155000000000014,0.5529594248608528,0.16244001855287568,0.8618996660482372,-0.824514322820028,-15.313260612244722,-97.13064884972168,G4
1.7255000000000014,0.548067031539888,0.16225912801484227,0.8601556957328383,-0.7593668274582468,-14.078291224489622,-96.96636406307975,G4
1.7355000000000014,0.5431746382189233,0.16207823747680888,0.8584117254174395,-0.6942193320964658,-12.84332183673452,-96.80207927643782,G4
1.7455000000000014,0.5382822448979585,0.16189734693877547,0.8566677551020405,-0.6290718367346847,-11.608352448979419,-96.6377944897959,G4
1.7555000000000014,0.5333898515769938,0.1617164564007421,0.8549237847866417,-0.5639243413729037,-10.373383061224317,-96.47350970315397,G4
1.7655000000000014,0.528497458256029,0.1615355658627087,0.8531798144712428,-0.4987768460111226,-9.138413673469215,-96.30922491651204,G4
1.7755000000000014,0.5235976206509533,0.1613426038159371,0.8516004152637485,-0.4253581032547525,-8.018167093153702,-96.14263173961838,G4
1.7855000000000014,0.5186520538720532,0.16107548821548817,0.8510319528619528,-0.3011302693602518,-7.602646329966271,-95.96185845117843,G4
1.7955000000000014,0.513706487093153,0.16080837261503925,0.850463490460157,-0.17690243546575102,-7.187125566778841,-95.78108516273848,G4
1.8055000000000014,0.5087609203142529,0.1605412570145903,0.8498950280583613,-0.05267460157125031,-6.77160480359141,-95.60031187429851,G4
1.8155000000000014,0.5038153535353529,0.16027414141414137,0.8493265656565656,0.0715532323232504,-6.35608404040398,-95.41953858585856,G4
1.8255000000000015,0.4988697867564527,0.16000702581369244,0.8487581032547699,0.19578106621775115,-5.940563277216549,-95.23876529741861,G4
1.8355000000000015,0.4939242199775526,0.15973991021324352,0.8481896408529741,0.3200089001122519,-5.525042514029119,-95.05799200897866,G4
1.8455000000000015,0.48897865319865247,0.15947279461279457,0.8476211784511783,0.4442367340067527,-5.109521750841688,-94.87721872053869,G4
1.8555000000000015,0.48403308641975235,0.15920567901234564,0.8470527160493826,0.5684645679012534,-4.694000987654258,-94.69644543209874,G4
1.8655000000000015,0.4790875196408522,0.15893856341189672,0.846484253647587,0.6926924017957541,-4.278480224466827,-94.51567214365879,G4
1.8755000000000015,0.4741419528619521,0.15867144781144776,0.8459157912457912,0.8169202356902547,-3.862959461279398,-94.33489885521882,G4
1.8855000000000015,0.469196386083052,0.15840433221099884,0.8453473288439954,0.9411480695847556,-3.4474386980919673,-94.15412556677887,G4
1.8955000000000015,0.46425081930415185,0.1581372166105499,0.8447788664421997,1.0653759034792563,-3.031917934904537,-93.97335227833892,G4
1.9055000000000015,0.4593052525252518,0.15787010101010096,0.8442104040404039,1.1896037373737571,-2.6163971717171064,-93.79257898989897,G4
1.9155000000000015,0.45435968574635166,0.15760298540965204,0.8436419416386083,1.3138315712682578,-2.200876408529676,-93.611805701459,G4
1.9255000000000015,0.44941411896745154,0.1573358698092031,0.8430734792368125,1.4380594051627584,-1.7853556453422454,-93.43103241301905,G4
1.9355000000000016,0.4444685521885514,0.15706875420875419,0.8425050168350168,1.562287239057259,-1.369834882154815,-93.2502591245791,G4
1.9455000000000016,0.4395229854096513,0.15680163860830523,0.841936554433221,1.68651507295176,-0.9543141189673845,-93.06948583613915,G4
1.9555000000000016,0.4229959420289788,0.15698637681159439,0.8393424637681148,2.0258862318841886,-1.4789275362322973,-92.33410318840549,G4
1.9655000000000016,0.38185826086955854,0.15813130434782627,0.8324439130434772,2.822436956521868,-4.00132608695693,-90.4201756521736,G4
1.9755000000000016,0.3786777018633539,0.15428236024844655,0.8390887577639764,3.627899192546715,-20.27765186335683,-86.57047478260804,G4
1.9855000000000016,0.3910966417910511,0.1528715671641798,0.849018283582092,4.461206567164322,-35.10971574627029,-82.96091567164133,G4
1.9955000000000016,0.4302682835820957,0.15705813432835886,0.8638615671641814,5.3498931343284974,-45.227066492538896,-80.08978134328314,G4
2.005500000000002,0.48839223076924165,0.17430315384615708,0.8628981538461536,5.881972153846252,-51.792604923078144,-77.21256584615331,G4
2.0155000000000016,0.5285762025316507,0.18548075949367224,0.8611292405063288,6.103582405063304,-54.163497341772235,-75.13383037974656,G4
2.025500000000002,0.5606141772151954,0.19387316455696346,0.859070168776371,6.1873250210970605,-54.66595725738405,-73.41385991561152,G4
2.0355000000000016,0.5935507692307744,0.20282102564102714,0.8553315384615374,6.17746111111108,-53.16617495726411,-70.89972478632417,G4
2.045500000000002,0.6236536000000006,0.2091883999999973,0.8473475999999979,5.9560307999999464,-46.682748399998076,-66.73649399999928,G4
2.0555000000000017,0.6268776000000005,0.19424439999999782,0.8355315999999983,5.662902799999957,-36.069004399998455,-62.79145399999942,G4
2.065500000000002,0.618104098360654,0.15933934426228885,0.8544303278688562,6.69227770491823,-24.27431114753898,-59.10824672131086,G4
2.0755000000000017,0.6109906557377041,0.13262819672130827,0.8626624590163937,7.809036065573931,-12.3909403278671,-55.98172836065531,G4
2.085500000000002,0.6007899999999973,0.1141766666666641,0.8605566666666655,8.40203666666667,-2.045799999998479,-53.83205999999977,G4
2.0955000000000017,0.5855807692307672,0.10231738461538777,0.8545878461538461,8.430061076923115,6.438989230770517,-52.538812615384394,G4
2.105500000000002,0.5734653846153822,0.12090969230769603,0.854310923076923,8.653199538461584,14.025604615386134,-51.25872030769205,G4
2.1155000000000017,0.55127755395683,0.1454146762589975,0.8531501438848919,8.813661654676284,19.19007007194325,-49.623480143884585,G4
2.125500000000002,0.525190454545449,0.1686895454545492,0.8579410606060635,9.018039696969758,22.028912727272782,-47.90029636363602,G4
2.1355000000000017,0.49744803030302537,0.187431969696973,0.8724309595959622,9.318756868686922,22.298791515151564,-46.19623575757546,G4
2.145500000000002,0.47976191291934267,0.1992900999286228,0.8810835974304069,9.502435060670953,22.27840985724474,-45.04697331191999,G4
2.1555000000000017,0.47654706638115574,0.20124156316916522,0.8813362740899358,9.517691306209853,21.84033633832969,-44.6960789507494,G4
2.165500000000002,0.47333221984296864,0.20319302640970774,0.8815889507494648,9.532947551748755,21.402262819414617,-44.3451845895788,G4
2.1755000000000018,0.4701173733047817,0.20514448965025017,0.8818416274089936,9.548203797287655,20.964189300499562,-43.99429022840822,G4
2.185500000000002,0.4669025267665946,0.2070959528907927,0.8820943040685225,9.563460042826556,20.526115781584494,-43.643395867237615,G4
2.1955000000000022,0.46368768022840756,0.2090474161313352,0.8823469807280514,9.578716288365458,20.088042262669422,-43.29250150606702,G4
2.205500000000002,0.4604728336902206,0.21099887937187764,0.8825996573875803,9.593972533904358,19.649968743754368,-42.94160714489643,G4
2.215500000000002,0.45725798715203364,0.21295034261242007,0.8828523340471093,9.609228779443258,19.211895224839317,-42.59071278372585,G4
2.225500000000002,0.45404314061384654,0.2149018058529626,0.8831050107066382,9.624485024982159,18.773821705924245,-42.239818422555246,G4
2.2355000000000023,0.4508282940756595,0.2168532690935051,0.883357687366167,9.63974127052106,18.335748187009173,-41.88892406138464,G4
2.245500000000002,0.4476134475374725,0.21880473233404754,0.8836103640256959,9.65499751605996,17.897674668094123,-41.53802970021406,G4
2.255500000000002,0.4443986009992856,0.22075619557458998,0.8838630406852248,9.670253761598861,17.459601149179072,-41.18713533904347,G4
2.265500000000002,0.4411837544610985,0.2227076588151325,0.8841157173447538,9.685510007137763,17.021527630264,-40.836240977872876,G4
2.2755000000000023,0.43796890792291143,0.224659122055675,0.8843683940042827,9.700766252676663,16.583454111348928,-40.48534661670227,G4
2.285500000000002,0.4361886988847584,0.2255867286245352,0.8841497397769514,9.68176951672861,15.873832304832463,-40.106814163568686,G4
2.295500000000002,0.43656044609665434,0.22497855018587348,0.8832240892193306,9.611393308550172,14.756888066914273,-39.68682457249062,G4
2.305500000000002,0.43693219330855027,0.22437037174721178,0.8822984386617098,9.541017100371732,13.639943828996032,-39.26683498141255,G4
2.3155000000000023,0.4373039405204462,0.22376219330855004,0.8813727881040889,9.470640892193291,12.522999591077792,-38.84684539033447,G4
2.325500000000002,0.43767568773234206,0.22315401486988834,0.8804471375464682,9.400264684014855,11.406055353159601,-38.426855799256415,G4
2.335500000000002,0.438047434944238,0.22254583643122666,0.8795214869888474,9.329888475836418,10.28911111524141,-38.00686620817836,G4
2.345500000000002,0.4384191821561339,0.22193765799256493,0.8785958364312265,9.259512267657977,9.172166877323168,-37.58687661710028,G4
2.3555000000000024,0.4387909293680298,0.2213294795539032,0.8776701858736057,9.189136059479537,8.055222639404928,-37.1668870260222,G4
2.365500000000002,0.4391626765799257,0.22072130111524152,0.876744535315985,9.1187598513011,6.938278401486738,-36.746897434944145,G4
2.375500000000002,0.4395344237918216,0.22011312267657981,0.8758188847583641,9.048383643122662,5.821334163568546,-36.32690784386609,G4
2.385500000000002,0.43990617100371754,0.21950494423791808,0.8748932342007433,8.978007434944223,4.704389925650306,-35.90691825278801,G4
2.3955000000000024,0.44027791821561346,0.21889676579925638,0.8739675836431224,8.907631226765782,3.587445687732064,-35.48692866170994,G4
2.405500000000002,0.4406496654275094,0.21828858736059467,0.8730419330855017,8.837255018587346,2.4705014498138738,-35.066939070631875,G4
2.415500000000002,0.44102141263940525,0.21768040892193297,0.8721162825278809,8.766878810408908,1.3535572118956818,-34.64694947955382,G4
2.425500000000002,0.4698372789115717,0.20376836734693538,0.8505366666666614,8.161499455782167,-10.49281108843826,-30.3734721088425,G4
2.4355000000000024,0.5031162303665012,0.1934382722513075,0.8330729319371698,7.893449738219927,-20.748815863876324,-26.254025340313206,G4
2.4455000000000022,0.5396083769633585,0.1877471727748679,0.8212457068062802,8.021345026178038,-28.670161413614235,-22.5211614659678,G4
2.455500000000002,0.585816620689665,0.18491868965517227,0.8128500689655161,8.256385310344886,-35.389211448276924,-18.533402482757854,G4
2.4655000000000022,0.6363974235807921,0.18486711790393107,0.8074072489082964,8.587151572052493,-40.495019650655,-14.55015004366759,G4
2.4755000000000025,0.6652926200873431,0.1893431004366823,0.8046343231441042,9.027164672489187,-40.42168340611352,-12.01006707423521,G4
2.4855000000000023,0.6941878165938928,0.1938190829694333,0.8018613973799121,9.467177772925861,-40.348347161572036,-9.46998410480294,G4
2.495500000000002,0.7097876712328794,0.19014006849314954,0.8174215068493192,10.288400136986493,-34.78113910958761,-5.878911438355353,G4
2.5055000000000023,0.7177895967741935,0.18520346774193447,0.8357815322580685,11.128291532258238,-25.24858677419016,-2.364814999999289,G4
2.5155000000000025,0.7192767114093991,0.1820522147651016,0.8501480536912748,11.759002080536892,-11.000459865768711,0.40206798657743414,G4
2.5255000000000023,0.7327129530201372,0.18614617449664517,0.8486715436241608,11.666787315436222,2.4428488590632966,1.4984371140941954,G4
2.535500000000002,0.7320018620689638,0.18659599999999968,0.8489521379310347,11.4516446206896,16.480652413795948,2.944354275862394,G4
2.5455000000000023,0.7149039199999879,0.1873778400000025,0.8510181600000012,11.307233280000103,30.656246000003033,4.994198640000861,G4
2.5555000000000025,0.6618719199999856,0.198313840000003,0.8564821600000014,11.759145280000123,43.99364600000362,8.780454640001029,G4
2.5655000000000023,0.6049396644295171,0.20544275167785392,0.8657431543624183,12.18115463087258,48.9643924161084,12.590600872484096,G4
2.575500000000002,0.5559762416107306,0.21140449664429625,0.8767958389261771,12.416821744966445,49.89681724832149,16.480656577181996,G4
2.5855000000000024,0.5170567785234811,0.21623671140939707,0.8897421476510097,12.427070067114096,46.54623335570394,20.466515637584795,G4
2.5955000000000026,0.5131485666104546,0.21667688026981458,0.8910208768971335,12.364455109612125,45.35313654300141,21.133860421585293,G4
2.6055000000000024,0.510699156829679,0.216934047217538,0.8918134569983139,12.298804182124773,44.24993502529485,21.662933777403158,G4
2.615500000000002,0.5082497470489034,0.21719121416526144,0.8926060370994943,12.233153254637422,43.1467335075883,22.192007133221022,G4
2.6255000000000024,0.5058003372681276,0.2174483811129849,0.8933986172006748,12.167502327150068,42.0435319898817,22.72108048903891,G4
2.6355000000000026,0.5033509274873518,0.21770554806070835,0.8941911973018553,12.101851399662715,40.94033047217509,23.250153844856797,G4
2.6455000000000024,0.5009015177065761,0.21796271500843178,0.8949837774030356,12.036200472175363,39.83712895446854,23.77922720067466,G4
2.655500000000002,0.49845210792580047,0.21821988195615521,0.895776357504216,11.970549544688012,38.73392743676198,24.308300556492526,G4
2.6655000000000024,0.4960026981450247,0.21847704890387865,0.8965689376053965,11.904898617200658,37.63072591905538,24.837373912310415,G4
2.6755000000000027,0.4935532883642489,0.2187342158516021,0.897361517706577,11.839247689713305,36.52752440134878,25.366447268128304,G4
2.6855000000000024,0.49110387858347326,0.21899138279932553,0.8981540978077573,11.773596762225953,35.42432288364222,25.89552062394617,G4
2.6955000000000022,0.4886544688026976,0.21924854974704897,0.8989466779089378,11.707945834738602,34.32112136593567,26.424593979764033,G4
2.7055000000000025,0.4866198601398606,0.21947832167832168,0.8998298601398605,11.643415034965022,33.229270279720026,26.946027762237875,G4
2.7155000000000027,0.488318461538462,0.21946153846153846,0.901528461538462,11.58896538461537,32.2395730769228,27.398705384615507,G4
2.7255000000000025,0.4900170629370634,0.21944475524475524,0.9032270629370633,11.534515734265721,31.249875874125625,27.85138300699312,G4
2.7355000000000023,0.4917156643356647,0.21942797202797204,0.9049256643356648,11.480066083916071,30.260178671328443,28.30406062937073,G4
2.7455000000000025,0.49341426573426617,0.21941118881118882,0.9066242657342661,11.42561643356642,29.27048146853122,28.756738251748363,G4
2.7555000000000027,0.49511286713286756,0.2193944055944056,0.9083228671328676,11.371166783216768,28.280784265733995,29.209415874125995,G4
2.7655000000000025,0.49681146853146896,0.21937762237762237,0.910021468531469,11.316717132867119,27.291087062936818,29.66209349650361,G4
2.7755000000000023,0.4985100699300703,0.21936083916083915,0.9117200699300704,11.262267482517471,26.301389860139636,30.11477111888122,G4
2.7855000000000025,0.5002086713286718,0.21934405594405593,0.9134186713286718,11.20781783216782,25.311692657342412,30.56744874125885,G4
2.7955000000000028,0.5019072727272732,0.21932727272727273,0.9151172727272732,11.153368181818166,24.32199545454519,31.020126363636486,G4
2.8055000000000025,0.5036058741258745,0.2193104895104895,0.9168158741258746,11.098918531468518,23.332298251748007,31.472803986014096,G4
2.8155000000000023,0.5053044755244759,0.2192937062937063,0.918514475524476,11.044468881118869,22.342601048950826,31.925481608391706,G4
2.8255000000000026,0.5070030769230773,0.21927692307692306,0.9202130769230774,10.990019230769217,21.352903846153602,32.37815923076934,G4
2.835500000000003,0.5087016783216788,0.21926013986013984,0.9219116783216789,10.935569580419566,20.363206643356378,32.83083685314697,G4
2.8455000000000026,0.5104002797202801,0.21924335664335662,0.9236102797202802,10.881119930069916,19.373509440559197,33.28351447552458,G4
2.8555000000000024,0.5176156164383581,0.21945260273972608,0.9279894520547957,10.629300684931437,17.15779465753367,34.52515136986334,G4
2.8655000000000026,0.5262101369863036,0.21971835616438362,0.933038767123289,10.328139041095811,14.635575479451404,35.96402808219215,G4
2.875500000000003,0.534804657534249,0.21998410958904116,0.9380880821917823,10.026977397260186,12.113356301369137,37.402904794520964,G4
2.8855000000000026,0.544571363636368,0.2198418181818175,0.943046233766235,9.602952012986709,9.66164759740204,38.94269448052005,G4
2.8955000000000024,0.5609804545454585,0.21738727272727212,0.9474877922077932,8.482698766233492,7.609498246752745,41.054324350649864,G4
2.9055000000000026,0.5799451700680327,0.21870816326530715,0.9528177551020424,7.722699183673327,7.296981564626066,42.923196666667124,G4
2.915500000000003,0.5971438490566027,0.22192686792452831,0.9573611698113197,7.2284644528301065,8.179112867924939,44.55503694339656,G4
2.9255000000000027,0.5934570566037726,0.2219759245283019,0.9535838113207536,6.951924830188603,9.567561924528684,45.684229396226726,G4
2.9355000000000024,0.5897702641509425,0.22202498113207547,0.9498064528301877,6.675385207547099,10.95601098113243,46.813421849056894,G4
2.9455000000000027,0.5852666153846139,0.22329007692307765,0.947831,6.332941153846037,13.102760000000831,48.59776684615454,G4
2.955500000000003,0.5784839370078699,0.22678370078740395,0.9492475590551205,5.952034724409371,16.127310472441998,51.09106267716616,G4
2.9655000000000027,0.5656099212598389,0.23438212598425406,0.9571294488188997,5.699585905511741,19.52936559055212,53.69970834645741,G4
2.9755000000000025,0.5501594082840198,0.24196349112426221,0.9622130177514805,5.3552560355028715,21.81281875739699,55.75346816568097,G4
2.9855000000000027,0.5371332978723393,0.24909925531915045,0.9661797872340429,4.9177362765955515,23.679224521276808,57.691813776596206,G4
2.995500000000003,0.5329737234042541,0.2547481914893634,0.9672223404255322,4.194980957446587,24.47507026595769,59.40530845744733,G4
3.0055000000000027,0.5283692700729912,0.25623824817518065,0.9662138686131373,3.3663556934303562,24.94946562043792,61.42006686131462,G4
3.0155000000000025,0.5229386131386847,0.25000467153284506,0.9613963503649623,2.3411148175179726,24.826881678832084,63.99431503649704,G4
3.0255000000000027,0.507750422535207,0.24457281690140695,0.9712449295774676,1.8570009859153618,25.48822816901427,66.9854825352121,G4
3.035500000000003,0.49754090395480044,0.24226593220338988,0.9745109039548017,1.1465015254234667,25.993963050847565,69.50808395480288,G4
3.0455000000000028,0.4913996610169475,0.24240152542372886,0.9723696610169485,0.24945067796586118,26.3648613559323,71.65584101694972,G4
3.0555000000000025,0.4938268072289168,0.24016469879518001,0.9625684939759006,-0.7381577710845888,26.290170542168628,73.54547903614503,G4
3.065500000000003,0.4979978021978023,0.23758813186813169,0.9521103296703293,-1.6240241758241878,26.133212857142883,75.16869285714293,G4
3.075500000000003,0.49859628064243466,0.23695837700760758,0.9508820963651728,-1.667902451394772,26.218388681318707,75.46809945054953,G4
3.085500000000003,0.4991947590870669,0.2363286221470835,0.9496538630600165,-1.7117807269653544,26.30356450549453,75.76750604395612,G4
3.0955000000000026,0.4997932375316992,0.23569886728655942,0.9484256297548602,-1.7556590025359367,26.38874032967035,76.0669126373627,G4
3.105500000000003,0.5003917159763315,0.23506911242603531,0.9471973964497038,-1.7995372781065209,26.47391615384618,76.3663192307693,G4
3.115500000000003,0.5009901944209638,0.23443935756551124,0.9459691631445474,-1.8434155536771053,26.559091978022003,76.66572582417591,G4
3.125500000000003,0.501588672865596,0.23380960270498716,0.9447409298393911,-1.8872938292476875,26.644267802197827,76.9651324175825,G4
3.1355000000000026,0.5021871513102284,0.23317984784446308,0.9435126965342346,-1.9311721048182697,26.729443626373648,77.26453901098908,G4
3.145500000000003,0.5027856297548606,0.23255009298393897,0.9422844632290782,-1.9750503803888542,26.814619450549475,77.56394560439568,G4
3.155500000000003,0.503384108199493,0.23192033812341487,0.9410562299239219,-2.018928655959438,26.8997952747253,77.86335219780229,G4
3.165500000000003,0.5039825866441253,0.2312905832628908,0.9398279966187655,-2.0628069315300204,26.984971098901124,78.16275879120887,G4
3.1755000000000027,0.5045810650887576,0.2306608284023667,0.9385997633136092,-2.106685207100603,27.070146923076944,78.46216538461546,G4
3.185500000000003,0.5050266465256797,0.2301183081570996,0.9377909365558913,-2.13241873111782,27.183182145015156,78.74287392749251,G4
3.195500000000003,0.5051154682779456,0.22977933534743192,0.9379607250755287,-2.115814501510569,27.361222628398846,78.97995368580068,G4
3.205500000000003,0.5052042900302115,0.22944036253776426,0.9381305135951662,-2.0992102719033183,27.539263111782528,79.21703344410884,G4
3.2155000000000027,0.5052931117824774,0.2291013897280966,0.9383003021148036,-2.082606042296068,27.71730359516621,79.45411320241698,G4
3.225500000000003,0.5053819335347433,0.2287624169184289,0.9384700906344412,-2.066001812688817,27.8953440785499,79.69119296072515,G4
3.235500000000003,0.5054707552870091,0.22842344410876123,0.9386398791540786,-2.0493975830815656,28.07338456193359,79.92827271903332,G4
3.245500000000003,0.5055595770392749,0.22808447129909357,0.9388096676737161,-2.0327933534743154,28.251425045317273,80.16535247734146,G4
3.2555000000000027,0.5056483987915408,0.2277454984894259,0.9389794561933535,-2.016189123867065,28.429465528700955,80.40243223564961,G4
3.265500000000003,0.5057372205438067,0.22740652567975822,0.939149244712991,-1.9995848942598138,28.607506012084645,80.63951199395778,G4
3.275500000000003,0.5058260422960725,0.22706755287009053,0.9393190332326284,-1.9829806646525627,28.785546495468335,80.87659175226594,G4
3.285500000000003,0.5059148640483384,0.22672858006042287,0.9394888217522659,-1.9663764350453121,28.963586978852017,81.1136715105741,G4
3.2955000000000028,0.5060036858006043,0.2263896072507552,0.9396586102719033,-1.9497722054380617,29.1416274622357,81.35075126888225,G4
3.305500000000003,0.50609250755287,0.22605063444108753,0.9398283987915408,-1.9331679758308107,29.31966794561939,81.5878310271904,G4
3.3155000000000032,0.5061813293051359,0.22571166163141984,0.9399981873111783,-1.9165637462235594,29.49770842900308,81.82491078549857,G4
3.325500000000003,0.5062701510574018,0.22537268882175215,0.9401679758308158,-1.899959516616309,29.675748912386762,82.06199054380673,G4
3.335500000000003,0.5063589728096677,0.2250337160120845,0.9403377643504532,-1.8833552870090586,29.85378939577044,82.29907030211487,G4
3.345500000000003,0.5064477945619336,0.2246947432024168,0.9405075528700907,-1.8667510574018076,30.031829879154134,82.53615006042304,G4
3.3555000000000033,0.506275944055944,0.22954006993007217,0.9357510489510468,-2.118832517482634,32.422465874126935,84.44509832167917,G4
3.365500000000003,0.5077290909090925,0.23977969696970258,0.9300666666666654,-2.4103669696970274,35.54152303030399,86.9363896969705,G4
3.375500000000003,0.5128199999999928,0.25781000000000215,0.9258999999999981,-2.5954200000001486,38.64122000000072,89.48092000000088,G4
3.385500000000003,0.4858547826086875,0.26587956521739375,0.91868260869565,-3.153002608695821,41.362759130435606,92.78658956521839,G4
3.3955000000000033,0.4804786746987947,0.2698823694779127,0.9188493975903619,-3.5180719277109502,41.98467112449807,94.71565606425757,G4
3.405500000000003,0.47891240963855375,0.2731675100401616,0.9203192771084341,-3.8491683132531103,42.236060682730994,96.40179261044226,G4
3.415500000000003,0.47405421052631275,0.27434473684210453,0.9213389473684211,-4.408198421052904,41.97268368421019,98.86942736842214,G4
3.425500000000003,0.4625059756097514,0.27283097560975683,0.921001585365853,-5.29752829268313,40.91826878048761,102.47383865853746,G4
3.4355000000000033,0.44798768292682456,0.27506268292683,0.9186906097560968,-5.92124780487825,40.303854146341266,105.1828325609765,G4
3.445500000000003,0.4392954437869809,0.2718542011834298,0.9158770414201174,-6.549982781065279,39.46944130177485,107.49952349112488,G4
3.455500000000003,0.4348220710059158,0.26470627218934695,0.912699526627218,-7.182349644970603,38.47571940828373,109.53213295858049,G4
3.465500000000003,0.4405202234636894,0.26203558659217807,0.9108335195530721,-7.342998268156458,37.83504519553053,111.27391083798938,G4
3.4755000000000034,0.44669029411764677,0.2601211764705882,0.9092102941176468,-7.43511,37.36731000000024,113.06174235294205,G4
3.485500000000003,0.4457932352941174,0.2600329411764706,0.9083132352941173,-7.43511,38.06331000000021,115.5875658823537,G4
3.495500000000003,0.44162340136054273,0.26221993197279,0.9036551020408147,-7.289088367346884,39.36635666666709,117.95815020408227,G4
3.505500000000003,0.4338718749999956,0.2649962500000007,0.8993818750000001,-6.990459374999824,40.87404437500046,120.17843875000061,G4
3.5155000000000034,0.4195454861111061,0.2672045833333341,0.8997221527777779,-6.417938541666468,42.35835687500052,122.13984152777846,G4
3.525500000000003,0.41415336763330096,0.26807303086997214,0.9000168101029,-6.255414237605213,42.77071695042102,122.67479530402254,G4
3.535500000000003,0.4105911599625807,0.26866704396632385,0.9003021234798878,-6.176865126286224,42.963520505145055,122.91758482694115,G4
3.545500000000003,0.40702895229186037,0.2692610570626756,0.9005874368568757,-6.098316014967233,43.1563240598691,123.16037434985977,G4
3.5555000000000034,0.40346674462113996,0.2698550701590273,0.9008727502338636,-6.019766903648241,43.349127614593144,123.40316387277839,G4
3.5655000000000032,0.3999045369504197,0.27044908325537903,0.9011580636108514,-5.941217792329254,43.54193116931718,123.64595339569699,G4
3.575500000000003,0.39634232927969953,0.2710430963517308,0.9014433769878392,-5.862668681010265,43.73473472404122,123.8887429186156,G4
3.5855000000000032,0.3927801216089791,0.2716371094480825,0.9017286903648271,-5.784119569691274,43.92753827876526,124.13153244153423,G4
3.5955000000000035,0.3892179139382588,0.27223112254443427,0.902014003741815,-5.705570458372282,44.12034183348931,124.37432196445285,G4
3.6055000000000033,0.38565570626753853,0.272825135640786,0.9022993171188027,-5.627021347053295,44.31314538821335,124.61711148737146,G4
3.615500000000003,0.3820934985968183,0.2734191487371377,0.9025846304957905,-5.548472235734306,44.50594894293739,124.85990101029007,G4
3.6255000000000033,0.3787697802197796,0.2738561538461537,0.9028809890109891,-5.4780678021977955,44.6715921978022,125.09403351648359,G4
3.6355000000000035,0.37691106750392395,0.27332868131868115,0.9032451962323392,-5.457694960753525,44.670393610675035,125.27498720565156,G4
3.6455000000000033,0.3750523547880684,0.2728012087912086,0.9036094034536893,-5.437322119309256,44.66919502354788,125.45594089481953,G4
3.655500000000003,0.3731936420722129,0.2722737362637361,0.9039736106750393,-5.416949277864986,44.66799643642072,125.6368945839875,G4
3.6655000000000033,0.37133492935635726,0.27174626373626354,0.9043378178963895,-5.396576436420715,44.66679784929356,125.81784827315548,G4
3.6755000000000035,0.3694762166405017,0.271218791208791,0.9047020251177396,-5.376203594976445,44.6655992621664,125.99880196232345,G4
3.6855000000000033,0.36761750392464615,0.2706913186813185,0.9050662323390896,-5.355830753532175,44.664400675039246,126.17975565149143,G4
3.695500000000003,0.3657587912087906,0.270163846153846,0.9054304395604397,-5.3354579120879055,44.66320208791208,126.3607093406594,G4
3.7055000000000033,0.363900078492935,0.26963637362637344,0.9057946467817898,-5.315085070643636,44.66200350078493,126.54166302982738,G4
3.7155000000000036,0.3620413657770794,0.2691089010989009,0.9061588540031399,-5.294712229199365,44.66080491365777,126.72261671899535,G4
3.7255000000000034,0.3601826530612239,0.2685814285714284,0.9065230612244899,-5.274339387755095,44.65960632653061,126.90357040816332,G4
3.735500000000003,0.35832394034536835,0.2680539560439559,0.90688726844584,-5.253966546310826,44.65840773940345,127.0845240973313,G4
3.7455000000000034,0.3564652276295127,0.26752648351648334,0.9072514756671901,-5.233593704866555,44.657209152276295,127.26547778649928,G4
3.7555000000000036,0.3589797362110344,0.2680771462829744,0.9083601678657082,-5.154004052757735,44.29622812949608,127.6010437649882,G4
3.7655000000000034,0.3680540767386121,0.2702450119904084,0.9105855875299768,-4.9855891846522224,43.39557345323711,128.16852817745823,G4
3.775500000000003,0.37712841726618984,0.2724128776978424,0.9128110071942452,-4.81717431654671,42.49491877697814,128.73601258992824,G4
3.7855000000000034,0.38620275779376795,0.2745807434052765,0.9150364268585139,-4.648759448441191,41.59426410071912,129.30349700239827,G4
3.7955000000000036,0.3953299055118143,0.2762985354330709,0.9160513070866131,-4.560000803149669,40.75753700787379,129.8704114488191,G4
3.8055000000000034,0.40463384251968815,0.2765095590551182,0.9130135118110225,-4.7379173385827364,40.13482834645649,130.43541774803168,G4
3.8155000000000032,0.41393777952756194,0.2767205826771654,0.9099757165354321,-4.915833874015804,39.512119685039174,131.00042404724428,G4
3.8255000000000035,0.4232417165354362,0.27693160629921265,0.9069379212598415,-5.093750409448879,38.88941102362183,131.56543034645688,G4
3.8355000000000037,0.4325456535433105,0.27714262992125993,0.9039001259842508,-5.271666944881955,38.2667023622045,132.1304366456695,G4
3.8455000000000035,0.4418495905511843,0.27735365354330715,0.9008623307086604,-5.449583480315022,37.643993700787185,132.69544294488207,G4
3.8555000000000033,0.45115352755905813,0.2775646771653544,0.89782453543307,-5.6275000157480894,37.02128503936987,133.26044924409467,G4
3.8655000000000035,0.4378775999999943,0.2666867999999957,0.8842995999999949,-6.387781600000292,38.458012800000596,135.1218396000007,G4
3.8755000000000037,0.421522599999994,0.25429679999999544,0.8693445999999946,-7.22747660000031,40.17557280000064,137.16000960000076,G4
3.8855000000000035,0.4002087417218465,0.24640523178807688,0.8636745033112567,-7.261511523178781,42.76174198675592,137.77382867549684,G4
3.8955000000000033,0.3782186754966813,0.23912708609271277,0.859270529801323,-7.185683708609246,45.46635788079562,138.19341807947035,G4
3.9055000000000035,0.35622860927151506,0.2318489403973483,0.8548665562913891,-7.109855894039707,48.17097377483543,138.61300748344388,G4
3.9155000000000038,0.3307809947643881,0.2315459162303668,0.8569425654450273,-6.604294240837478,51.148076230367636,137.68186298429276,G4
3.9255000000000035,0.3047705235602006,0.23237837696335106,0.8600734554973833,-6.028775916230171,54.16953696335181,136.53083157068022,G4
3.9355000000000033,0.2982592215568844,0.24012808383233802,0.8646728143712591,-5.765509281437043,54.88513185628763,135.4918844910176,G4
3.9455000000000036,0.2945420000000003,0.2470440000000014,0.8693950000000018,-5.566415999999972,55.06107099999967,134.89618100000018,G4
3.955500000000004,0.29537057142857176,0.25087971428571576,0.8742342857142876,-5.4900802857142565,54.16139599999965,135.42507742857163,G4
3.9655000000000036,0.29619914285714316,0.25471542857143,0.8790735714285732,-5.413744571428544,53.26172099999967,135.95397385714307,G4
3.9755000000000034,0.2927487730061322,0.25498435582821966,0.881625337423313,-5.1267763803679225,52.03858791410989,137.29002380368175,G4
3.9855000000000036,0.28466288343557994,0.2513892638036797,0.8816989570552147,-4.6116230061347885,50.46504190183994,139.5004900613505,G4
3.995500000000004,0.2838519379844963,0.251337596899225,0.8808270542635654,-3.7899279069764003,48.21705341085178,142.24640922480734,G4
4.005500000000003,0.2844173684210528,0.2501936842105255,0.8813610526315795,-3.0052226315787207,45.84250473684135,144.5873868421059,G4
4.015500000000003,0.28488647058823435,0.24793647058823617,0.8833147058823546,-2.280196764705616,43.52042911764682,146.54197941176525,G4
4.025500000000004,0.2812982352941163,0.2513482352941189,0.8896823529411788,-1.269865882352561,42.599907058823185,148.64121470588316,G4
4.035500000000003,0.2750992753623163,0.2560518840579728,0.8946075362318855,-1.2474797101450756,42.34295681159422,149.98251376811626,G4
4.045500000000003,0.266855633802814,0.2606467605633811,0.8913919718309801,-2.031393661972278,42.74938281690176,150.6427218309859,G4
4.055500000000003,0.2567077464788704,0.2635692957746487,0.8707652112675999,-3.611872535211707,43.97505887323978,150.5459612676056,G4
4.065500000000004,0.2506627536231864,0.2518550724637632,0.8545862318840524,-4.463545072464038,45.18331797101492,149.94048391304324,G4
4.0755000000000035,0.24851793814433032,0.2384871134020574,0.8462020618556697,-4.64688329896894,45.75084505154637,149.36303164948438,G4
4.085500000000003,0.2497138144329901,0.22546134020618144,0.8450061855670099,-4.261269896907094,45.68001515463916,148.88297494845347,G4
