time,ax_g,ay_g,az_g,gx_dps,gy_dps,gz_dps,label
0.0,0.10718,0.14343,0.37927,-89.60305,39.48092,-95.43511,G11
0.01,0.13811233082706767,0.10479090225563911,0.34209706766917297,-87.4564635338346,35.09590496240602,-96.37639571428572,G11
0.02,0.15884263565891474,0.05723116279069769,0.33401620155038764,-84.51991410852713,32.491152325581396,-97.20243697674418,G11
0.03,0.16534712121212122,0.007591818181818175,0.3469207575757576,-80.38792681818182,32.158224545454544,-97.65301742424242,G11
0.04,0.1570039726027397,-0.03760191780821922,0.3699421917808219,-74.90326794520547,34.08323479452055,-97.57021273972602,G11
0.05,0.15123684931506848,-0.07230054794520552,0.3813120547945205,-68.83823369863013,35.724981369863016,-97.27742506849314,G11
0.06,0.15044714285714286,-0.09826571428571429,0.3867514285714286,-62.447115714285715,36.721918571428574,-97.21265142857142,G11
0.07,0.1531721582733813,-0.1152936690647482,0.38758892086330937,-55.85545964028777,37.14481604316547,-97.31319539568345,G11
0.08,0.15668294964028776,-0.11986201438848922,0.38583352517985614,-49.331207841726616,36.9910462589928,-97.46697237410072,G11
0.09,0.15552,-0.117064,0.392604,-42.93434800000001,36.366414,-98.503824,G11
0.1,0.14898682170542635,-0.11466635658914728,0.39951519379844963,-36.69246573643411,35.37605930232558,-100.07929813953488,G11
0.11,0.1387291616766467,-0.11550736526946109,0.40290556886227546,-30.92645413173652,34.04579886227545,-101.95081203592814,G11
0.12,0.13478305389221557,-0.11996245508982037,0.39976185628742517,-26.766831377245502,32.51908628742515,-103.36782401197605,G11
0.13,0.13679226950354614,-0.12534957446808512,0.400658085106383,-23.00330014184396,30.488878936170202,-104.75306758865248,G11
0.14,0.14535323170731712,-0.13152201219512197,0.40517689024390247,-19.721093780487795,28.01396774390243,-106.05845975609756,G11
0.15,0.15994469512195122,-0.13621103658536585,0.4054756707317073,-17.300691341463413,26.133498231707318,-106.87767926829268,G11
0.16,0.16950840230991338,-0.1388484696823869,0.4057772954764196,-15.800193772858517,25.025181434071225,-107.3705686236766,G11
0.17,0.1729270741097209,-0.13897840230991337,0.40608239653512995,-15.424024379210778,24.860606843118383,-107.46461000962464,G11
0.18,0.1763457459095284,-0.13910833493743985,0.40638749759384024,-15.047854985563042,24.696032252165544,-107.55865139557267,G11
0.19,0.1797644177093359,-0.1392382675649663,0.40669259865255053,-14.671685591915303,24.531457661212706,-107.65269278152068,G11
0.2,0.18318308950914342,-0.13936820019249277,0.4069976997112608,-14.295516198267563,24.366883070259867,-107.74673416746872,G11
0.21,0.18660176130895093,-0.13949813282001924,0.4073028007699711,-13.919346804619826,24.202308479307025,-107.84077555341675,G11
0.22,0.19002043310875844,-0.13962806544754572,0.40760790182868145,-13.543177410972088,24.037733888354186,-107.93481693936478,G11
0.23,0.19343910490856595,-0.13975799807507217,0.40791300288739174,-13.167008017324349,23.873159297401347,-108.0288583253128,G11
0.24,0.19685777670837346,-0.13988793070259864,0.40821810394610203,-12.790838623676612,23.708584706448505,-108.12289971126083,G11
0.25,0.20027644850818097,-0.14001786333012511,0.4085232050048123,-12.414669230028874,23.544010115495666,-108.21694109720886,G11
0.26,0.20368372013651878,-0.14013119453924913,0.40889631399317405,-12.01776955631399,23.38571470989761,-108.31190539249147,G11
0.27,0.20691238907849832,-0.13998443686006826,0.4103348805460751,-11.296095494880543,23.325793208191126,-108.4213286006826,G11
0.28,0.21014105802047783,-0.13983767918088735,0.4117734470989761,-10.574421433447094,23.265871706484642,-108.53075180887372,G11
0.29,0.21336972696245735,-0.13969092150170648,0.41321201365187715,-9.852747372013651,23.205950204778155,-108.64017501706485,G11
0.3,0.21659839590443686,-0.13954416382252557,0.4146505802047782,-9.131073310580202,23.14602870307167,-108.74959822525598,G11
0.31,0.2198270648464164,-0.1393974061433447,0.41608914675767916,-8.409399249146755,23.086107201365188,-108.8590214334471,G11
0.32,0.22254119072708115,-0.13918484720758692,0.41721418335089566,-7.779936080084298,23.04058317175975,-108.94752533192835,G11
0.33,0.22319714436248683,-0.13870908324552159,0.4170851001053741,-7.519316480505794,23.052649030558484,-108.95235199157008,G11
0.34,0.22385309799789252,-0.13823331928345625,0.41695601685985245,-7.25869688092729,23.06471488935722,-108.9571786512118,G11
0.35000000000000003,0.2245090516332982,-0.13775755532139092,0.4168269336143309,-6.998077281348786,23.076780748155954,-108.96200531085353,G11
0.36,0.2251650052687039,-0.13728179135932558,0.4166978503688093,-6.737457681770284,23.08884660695469,-108.96683197049526,G11
0.37,0.22582095890410958,-0.13680602739726028,0.41656876712328766,-6.4768380821917795,23.100912465753424,-108.97165863013699,G11
0.38,0.2264769125395153,-0.13633026343519494,0.4164396838777661,-6.216218482613275,23.11297832455216,-108.97648528977872,G11
0.39,0.22713286617492098,-0.1358544994731296,0.41631060063224445,-5.955598883034772,23.125044183350898,-108.98131194942044,G11
0.4,0.22778881981032667,-0.13537873551106427,0.4161815173867229,-5.694979283456268,23.137110042149633,-108.98613860906217,G11
0.41000000000000003,0.22844477344573236,-0.13490297154899894,0.41605243414120124,-5.434359683877764,23.149175900948368,-108.9909652687039,G11
0.42,0.22910072708113804,-0.1344272075869336,0.41592335089567967,-5.173740084299261,23.161241759747103,-108.99579192834562,G11
0.43,0.22975668071654373,-0.13395144362486827,0.41579426765015803,-4.913120484720757,23.173307618545838,-109.00061858798735,G11
0.44,0.23041263435194942,-0.13347567966280294,0.41566518440463646,-4.652500885142253,23.185373477344573,-109.00544524762908,G11
0.45,0.23106858798735513,-0.1329999157007376,0.4155361011591148,-4.391881285563749,23.197439336143308,-109.0102719072708,G11
0.46,0.23172454162276082,-0.13252415173867227,0.41540701791359325,-4.131261685985246,23.209505194942043,-109.01509856691254,G11
0.47000000000000003,0.2323804952581665,-0.13204838777660696,0.41527793466807167,-3.8706420864067415,23.22157105374078,-109.01992522655426,G11
0.48,0.2330364488935722,-0.13157262381454163,0.41514885142255004,-3.610022486828239,23.233636912539517,-109.02475188619599,G11
0.49,0.23369240252897788,-0.1310968598524763,0.41501976817702846,-3.3494028872497346,23.24570277133825,-109.02957854583772,G11
0.5,0.23434835616438357,-0.13062109589041096,0.4148906849315068,-3.088783287671231,23.257768630136987,-109.03440520547944,G11
0.51,0.23465905511811025,-0.1301867716535433,0.41442015748031497,-2.4081303149606117,23.19973960629921,-108.97469653543307,G11
0.52,0.23374566929133858,-0.12989937007874017,0.4127390551181102,-0.2382681102362083,22.893192362204722,-108.68618078740157,G11
0.53,0.2328322834645669,-0.129611968503937,0.4110579527559055,1.931594094488196,22.586645118110233,-108.39766503937008,G11
0.54,0.23294883435582822,-0.1301791411042945,0.4090932515337423,4.861514662576699,21.61598067484662,-107.8340290797546,G11
0.55,0.23353173076923078,-0.13110249999999998,0.4068136538461538,8.079562692307702,20.32677961538461,-107.14856884615384,G11
0.56,0.23376634615384617,-0.1311525,0.40108673076923074,9.976216538461548,18.923371923076918,-106.60834576923077,G11
0.5700000000000001,0.23400096153846153,-0.1312025,0.39535980769230766,11.872870384615394,17.519964230769226,-106.0681226923077,G11
0.58,0.23427411764705883,-0.1355005882352941,0.38661000000000006,14.317018235294103,15.302198823529427,-105.36686764705883,G11
0.59,0.2345943790849673,-0.14499078431372547,0.3741655555555556,17.430325424836596,12.089107320261446,-104.46879575163399,G11
0.6,0.23853945205479452,-0.1631354794520548,0.37240123287671234,20.902225616438365,8.29174876712328,-103.72352260273972,G11
0.61,0.24933773333333342,-0.175548,0.37640280000000004,24.51216173333335,4.6218823999999845,-103.12692333333332,G11
0.62,0.26781106666666676,-0.18034800000000004,0.3860828,28.247535066666682,1.1613223999999844,-102.68925666666667,G11
0.63,0.2965845945945947,-0.16296162162162156,0.392255945945946,31.922426756756767,-1.1755713513513584,-102.50340621621622,G11
0.64,0.32080843137254905,-0.1431780392156862,0.39596411764705886,35.283341568627456,-2.802275098039219,-102.13920352941176,G11
0.65,0.33963849673202623,-0.1217989542483659,0.3971601960784314,38.30684483660132,-3.7103273856209196,-101.57041921568627,G11
0.66,0.34798887573964504,-0.1063844378698224,0.39502207100591713,40.87818153846155,-3.772891834319527,-100.69234834319526,G11
0.67,0.35603671052631586,-0.09443855263157894,0.39105552631578944,43.40056355263159,-3.901166315789476,-99.84250381578947,G11
0.68,0.3647932894736843,-0.09147144736842104,0.38238447368421047,45.851346447368435,-4.343113684210529,-99.11932618421052,G11
0.6900000000000001,0.36786963677639045,-0.09204308740068107,0.37756645856980703,46.780931475595914,-4.677305266742341,-98.82486263337117,G11
0.7000000000000001,0.368950227014756,-0.09385807037457436,0.37410221339387056,47.17604157775256,-4.973636708286041,-98.68102835414301,G11
0.71,0.3700308172531214,-0.09567305334846765,0.37063796821793416,47.57115167990919,-5.269968149829739,-98.53719407491486,G11
0.72,0.37111140749148697,-0.09748803632236096,0.36717372304199775,47.966261782065835,-5.56629959137344,-98.39335979568672,G11
0.73,0.37219199772985245,-0.09930301929625426,0.3637094778660613,48.36137188422247,-5.8626310329171405,-98.24952551645856,G11
0.74,0.37327258796821794,-0.10111800227014756,0.3602452326901248,48.756481986379114,-6.158962474460841,-98.10569123723042,G11
0.75,0.3743531782065834,-0.10293298524404086,0.3567809875141884,49.15159208853576,-6.455293916004542,-97.96185695800227,G11
0.76,0.3754337684449489,-0.10474796821793417,0.35331674233825194,49.5467021906924,-6.751625357548242,-97.81802267877411,G11
0.77,0.3765143586833144,-0.10656295119182747,0.3498524971623155,49.941812292849036,-7.047956799091943,-97.67418839954597,G11
0.78,0.3772256302521008,-0.11810529411764714,0.3429957983193277,51.007508907563036,-8.806721512605055,-97.44139932773109,G11
0.79,0.3779091036414566,-0.1303798039215687,0.33588375350140054,52.12367977591037,-10.675561848739507,-97.20191473389356,G11
0.8,0.3785925770308123,-0.14265431372549026,0.3287717086834734,53.23985064425771,-12.54440218487396,-96.96243014005603,G11
0.81,0.3795143207855974,-0.15109016366612113,0.32441423895253685,54.06634245499182,-13.906874664484455,-96.78967011456629,G11
0.8200000000000001,0.38085965630114565,-0.15270172940534643,0.3249537915984725,54.377849274413535,-14.36913762138571,-96.73553154391708,G11
0.8300000000000001,0.38220499181669393,-0.15431329514457176,0.32549334424440807,54.689356093835244,-14.831400578286965,-96.68139297326788,G11
0.84,0.3835503273322422,-0.15592486088379706,0.3260328968903437,55.00086291325695,-15.293663535188214,-96.62725440261866,G11
0.85,0.3848956628477905,-0.15753642662302236,0.32657244953627934,55.31236973267867,-15.75592649208947,-96.57311583196946,G11
0.86,0.38624099836333875,-0.1591479923622477,0.327112002182215,55.62387655210038,-16.218189448990724,-96.51897726132025,G11
0.87,0.3875863338788871,-0.160759558101473,0.32765155482815056,55.93538337152209,-16.68045240589198,-96.46483869067103,G11
0.88,0.38893166939443535,-0.1623711238406983,0.3281911074740862,56.24689019094381,-17.142715362793236,-96.41070012002183,G11
0.89,0.3902770049099836,-0.16398268957992362,0.32873066012002183,56.55839701036552,-17.60497831969449,-96.35656154937261,G11
0.9,0.3916223404255319,-0.16559425531914893,0.32927021276595747,56.86990382978723,-18.067241276595745,-96.30242297872341,G11
0.91,0.3929676759410802,-0.16720582105837425,0.3298097654118931,57.18141064920894,-18.529504233497,-96.2482844080742,G11
0.92,0.39431301145662845,-0.16881738679759956,0.3303493180578287,57.49291746863066,-18.991767190398257,-96.19414583742498,G11
0.93,0.3956583469721767,-0.17042895253682488,0.3308888707037643,57.804424288052374,-19.454030147299513,-96.14000726677578,G11
0.9400000000000001,0.39700368248772505,-0.17204051827605019,0.33142842334969996,58.11593110747408,-19.91629310420077,-96.08586869612657,G11
0.9500000000000001,0.3983490180032733,-0.17365208401527552,0.3319679759956356,58.4274379268958,-20.37855606110202,-96.03173012547737,G11
0.96,0.3996943535188216,-0.17526364975450082,0.3325075286415712,58.73894474631751,-20.840819018003273,-95.97759155482815,G11
0.97,0.4010396890343699,-0.17687521549372612,0.3330470812875068,59.05045156573922,-21.303081974904526,-95.92345298417894,G11
0.98,0.40238502454991815,-0.17848678123295142,0.33358663393344246,59.36195838516093,-21.76534493180578,-95.86931441352974,G11
0.99,0.4051450793650792,-0.17973428571428574,0.33442,59.783107142857126,-22.280382380952375,-95.8104992063492,G11
1.0,0.453647724867725,-0.16921047619047616,0.34475333333333336,63.749345238095245,-24.501795079365085,-95.60047275132276,G11
1.01,0.5025134131736531,-0.156803353293413,0.35822479041916194,67.88600377245513,-26.179271796407175,-95.26370389221556,G11
1.02,0.5536092215568869,-0.13282730538922127,0.39097329341317405,73.06953071856293,-24.51542748502992,-94.14837455089818,G11
1.03,0.588365563380282,-0.11357309859154908,0.4289735915492965,79.13676415492968,-20.384367464788628,-92.36469119718306,G11
1.04,0.6033728571428569,-0.09991987012986998,0.4714847402597405,86.1546562987014,-13.45345103896092,-89.8317649350649,G11
1.05,0.5932299999999999,-0.09151727272727263,0.4871795454545456,92.30118227272735,-6.186671818181729,-87.3830636363636,G11
1.06,0.5806014644351463,-0.08260728033472794,0.49127652719665266,96.71059552301257,-1.3553906276150383,-85.66194585774058,G11
1.07,0.5655847280334727,-0.073209790794979,0.48423050209205015,99.45101811715483,1.1359022594142494,-84.63987891213388,G11
1.08,0.5480402222222219,-0.06188044444444423,0.4776611111111111,102.24257400000002,3.2101742222222143,-83.62103688888888,G11
1.09,0.5119587407407405,-0.03638414814814804,0.47458703703703703,105.40910733333335,2.2262927407407362,-82.6258442962963,G11
1.1,0.4971968125,-0.010427812499999915,0.47617075000000003,107.51870818750001,-2.0410321875000177,-81.7209910625,G11
1.11,0.4969275177304966,0.016616950354610038,0.4803906382978724,109.26165858156028,-7.913705673758897,-80.79356248226951,G11
1.12,0.536324680851064,0.04830489361702141,0.4906885106382979,110.7558855319149,-16.835797872340464,-79.62416531914893,G11
1.1300000000000001,0.5862560000000006,0.07373000000000021,0.5098600000000002,112.42137200000002,-23.22137600000005,-78.23816599999998,G11
1.1400000000000001,0.639513894736843,0.09717736842105298,0.5318336842105267,114.14094042105266,-28.805949684210606,-76.78376599999999,G11
1.1500000000000001,0.7028151063829798,0.11989234042553228,0.576757234042554,117.92019574468092,-30.342052695035473,-74.01938106382974,G11
1.16,0.7549270802919705,0.13833423357664223,0.6267754744525543,122.51506715328463,-28.32206211678836,-70.26043583941609,G11
1.17,0.7884682634730539,0.15067532934131736,0.6744391017964072,127.31525982035927,-23.13855041916168,-65.87439449101797,G11
1.18,0.7886965568862275,0.1512419461077844,0.675927874251497,127.7255075748503,-22.29405565868264,-65.25845062874252,G11
1.19,0.7889248502994012,0.15180856287425148,0.6774166467065869,128.13575532934132,-21.449560898203597,-64.64250676646706,G11
1.2,0.7891531437125748,0.15237517964071856,0.6789054191616767,128.54600308383232,-20.605066137724553,-64.02656290419162,G11
1.21,0.7893814371257485,0.1529417964071856,0.6803941916167665,128.95625083832334,-19.760571377245512,-63.41061904191617,G11
1.22,0.7896097305389221,0.15350841317365269,0.6818829640718563,129.36649859281437,-18.916076616766468,-62.79467517964072,G11
1.23,0.7898380239520958,0.15407502994011976,0.6833717365269462,129.7767463473054,-18.071581856287423,-62.17873131736527,G11
1.24,0.7900663173652694,0.1546416467065868,0.684860508982036,130.18699410179642,-17.227087095808383,-61.56278745508982,G11
1.25,0.7902946107784431,0.1552082634730539,0.6863492814371258,130.59724185628744,-16.38259233532934,-60.94684359281437,G11
1.26,0.7905229041916167,0.15577488023952096,0.6878380538922155,131.00748961077844,-15.538097574850296,-60.33089973053892,G11
1.27,0.7907511976047904,0.15634149700598804,0.6893268263473054,131.41773736526946,-14.693602814371253,-59.71495586826347,G11
1.28,0.790979491017964,0.1569081137724551,0.6908155988023952,131.82798511976048,-13.84910805389221,-59.09901200598802,G11
1.29,0.7912077844311377,0.15747473053892216,0.692304371257485,132.2382328742515,-13.004613293413167,-58.48306814371257,G11
1.3,0.7914360778443114,0.15804134730538924,0.6937931437125748,132.64848062874253,-12.160118532934124,-57.86712428143712,G11
1.31,0.7894435889328063,0.1602148616600791,0.6940779525691699,132.92845311462452,-11.409235083003946,-57.20022034782608,G11
1.32,0.7865874624505929,0.1630132806324111,0.6938945533596838,133.15776299604744,-10.694756031620546,-56.51349860869564,G11
1.33,0.7837313359683794,0.16581169960474312,0.6937111541501976,133.38707287747036,-9.980276980237146,-55.82677686956521,G11
1.34,0.780875209486166,0.16861011857707514,0.6935277549407115,133.61638275889328,-9.265797928853747,-55.140055130434774,G11
1.35,0.7780190830039525,0.17140853754940716,0.6933443557312253,133.8456926403162,-8.551318877470347,-54.45333339130434,G11
1.36,0.775162956521739,0.17420695652173918,0.6931609565217391,134.07500252173912,-7.8368398260869485,-53.76661165217391,G11
1.37,0.7723068300395256,0.1770053754940712,0.692977557312253,134.30431240316204,-7.122360774703549,-53.079889913043466,G11
1.3800000000000001,0.7694507035573122,0.1798037944664032,0.6927941581027668,134.533622284585,-6.407881723320149,-52.39316817391303,G11
1.3900000000000001,0.7665945770750988,0.1826022134387352,0.6926107588932806,134.76293216600791,-5.69340267193675,-51.7064464347826,G11
1.4000000000000001,0.7637384505928854,0.18540063241106722,0.6924273596837944,134.99224204743084,-4.97892362055335,-51.019724695652165,G11
1.41,0.7608823241106719,0.18819905138339918,0.6922439604743083,135.22155192885376,-4.264444569169966,-50.333002956521746,G11
1.42,0.7580261976284585,0.1909974703557312,0.6920605612648222,135.45086181027668,-3.549965517786566,-49.646281217391305,G11
1.43,0.7546916494845362,0.19438399999999992,0.6915376907216495,135.66698451546392,-2.8396668865979433,-48.89216608247424,G11
1.44,0.7450009278350516,0.20558399999999993,0.6865047010309279,135.70790616494844,-2.1849081237113444,-47.242681546391765,G11
1.45,0.7353102061855671,0.21678399999999992,0.6814717113402062,135.74882781443299,-1.5301493608247456,-45.59319701030929,G11
1.46,0.7256194845360825,0.22798399999999996,0.6764387216494845,135.78974946391753,-0.8753905979381469,-43.943712474226814,G11
1.47,0.715928762886598,0.23918399999999995,0.6714057319587629,135.83067111340208,-0.22063183505154793,-42.29422793814433,G11
1.48,0.7060004705882353,0.2548241176470588,0.6665158823529411,135.6136457647059,-0.23744635294117455,-40.10471117647059,G11
1.49,0.6952298823529411,0.28620647058823545,0.6621335294117646,134.48208105882352,-2.6352934117647195,-36.00053470588233,G11
1.5,0.7125445070422539,0.31781112676056367,0.664991971830986,133.1729956338028,-6.816472112676113,-32.017844366197146,G11
1.51,0.7558280272108848,0.3492712925170071,0.6768772789115649,131.88057401360544,-12.367452312925202,-28.179154761904726,G11
1.52,0.7995082993197279,0.37758421768707484,0.7098500680272108,132.21291414965987,-15.43127544217687,-24.62720238095238,G11
1.53,0.8148397222222222,0.38730166666666666,0.7400419444444444,133.17896583333334,-15.787112222222223,-21.959288888888892,G11
1.54,0.8135218209876544,0.38609796296296295,0.768600586419753,134.5171973148148,-14.552544320987655,-19.810572839506175,G11
1.55,0.8122039197530865,0.38489425925925924,0.7971592283950617,135.8554287962963,-13.317976419753085,-17.66185679012346,G11
1.56,0.7978635074626864,0.37712544776119394,0.8362861194029854,138.27138738805974,-10.63199470149251,-13.996122089552205,G11
1.57,0.763622517482517,0.36017776223776227,0.8902911188811192,142.25121552447553,-5.861737272727252,-7.988894545454454,G11
1.58,0.7382728671328666,0.36393300699300707,0.912913496503497,143.91672601398605,-4.623282727272703,-2.575985454545351,G11
1.59,0.7239243220338981,0.38184254237288184,0.9212210169491526,144.12847711864407,-5.448181016949192,1.5585478813559954,G11
1.6,0.7163183898305083,0.40842728813559365,0.9207549152542372,143.44921440677965,-7.5377149152542735,4.909560593220396,G11
1.61,0.7104263888888889,0.44357180555555653,0.918580972222222,142.2105541666666,-10.919848055555672,8.558098472222296,G11
1.62,0.7094125,0.5030787500000011,0.9115462499999999,139.37976249999994,-17.980917500000135,13.053438750000087,G11
1.6300000000000001,0.7383884251968508,0.5547770866141737,0.9236001574803151,136.00167275590547,-26.26062433070875,15.558095275590574,G11
1.6400000000000001,0.7924920325203257,0.5803821951219512,0.9633868292682931,133.32836430894307,-32.250479349593526,17.621795934959366,G11
1.6500000000000001,0.8552823529411772,0.5814723529411764,1.0206294117647068,131.9263594117647,-34.03502117647055,20.298158823529462,G11
1.6600000000000001,0.9042897058823542,0.5728547058823527,1.0740338235294131,131.7916388235294,-31.329587352941108,24.283342647058927,G11
1.67,0.9067851605995717,0.5725264453961456,1.0798756959314777,131.83123501070662,-30.511037837259096,24.952222205567455,G11
1.68,0.907342619557459,0.5725435760171306,1.0837357958601,131.87809439685938,-29.77110850107066,25.482922419700216,G11
1.69,0.9079000785153462,0.5725607066381156,1.0875958957887224,131.92495378301214,-29.031179164882225,26.013622633832977,G11
1.7,0.9084575374732334,0.5725778372591006,1.0914559957173449,131.97181316916488,-28.291249828693786,26.54432284796574,G11
1.71,0.9090149964311206,0.5725949678800856,1.0953160956459673,132.01867255531764,-27.55132049250535,27.075023062098502,G11
1.72,0.9095724553890079,0.5726120985010706,1.0991761955745896,132.06553194147037,-26.811391156316912,27.605723276231267,G11
1.73,0.910129914346895,0.5726292291220556,1.103036295503212,132.11239132762313,-26.071461820128476,28.136423490364027,G11
1.74,0.9106873733047823,0.5726463597430407,1.1068963954318345,132.15925071377586,-25.331532483940038,28.667123704496788,G11
1.75,0.9112448322626695,0.5726634903640256,1.110756495360457,132.20611009992862,-24.591603147751602,29.197823918629553,G11
1.76,0.9118022912205568,0.5726806209850107,1.1146165952890792,132.25296948608135,-23.851673811563163,29.728524132762313,G11
1.77,0.912359750178444,0.5726977516059957,1.1184766952177017,132.29982887223412,-23.111744475374728,30.259224346895074,G11
1.78,0.9129172091363312,0.5727148822269807,1.1223367951463241,132.34668825838685,-22.37181513918629,30.78992456102784,G11
1.79,0.9134746680942184,0.5727320128479657,1.1261968950749464,132.3935476445396,-21.631885802997854,31.320624775160603,G11
1.8,0.9140321270521057,0.5727491434689508,1.1300569950035688,132.44040703069234,-20.891956466809418,31.851324989293364,G11
1.81,0.8978134759358287,0.5865173796791445,1.1468673796791444,132.26435828877004,-14.937095026737909,35.763644491978646,G11
1.82,0.8818581729991916,0.6002241956345999,1.1629639450282943,132.073728698464,-9.155754236054964,39.56947304769604,G11
1.83,0.8790853354890864,0.6049016410670979,1.1630132578819725,131.85033742926436,-8.526307186742109,40.10388614389653,G11
1.84,0.8763124979789814,0.6095790864995959,1.1630625707356508,131.62694616006468,-7.896860137429255,40.63829924009701,G11
1.85,0.8735396604688762,0.6142565319320938,1.163111883589329,131.403554890865,-7.2674130881164,41.1727123362975,G11
1.86,0.8707668229587712,0.6189339773645919,1.1631611964430073,131.18016362166532,-6.637966038803546,41.70712543249799,G11
1.87,0.867993985448666,0.6236114227970898,1.1632105092966856,130.95677235246563,-6.008518989490691,42.24153852869848,G11
1.8800000000000001,0.865221147938561,0.6282888682295878,1.1632598221503638,130.73338108326595,-5.379071940177836,42.77595162489896,G11
1.8900000000000001,0.8624483104284558,0.6329663136620858,1.163309135004042,130.50998981406627,-4.749624890864982,43.31036472109945,G11
1.9000000000000001,0.8596754729183508,0.6376437590945838,1.1633584478577204,130.2865985448666,-4.120177841552127,43.844777817299935,G11
1.9100000000000001,0.8569026354082456,0.6423212045270817,1.1634077607113986,130.06320727566694,-3.4907307922392725,44.37919091350042,G11
1.92,0.8541297978981406,0.6469986499595797,1.1634570735650769,129.83981600646726,-2.8612837429264317,44.91360400970089,G11
1.93,0.8513569603880355,0.6516760953920777,1.1635063864187551,129.61642473726758,-2.2318366936135767,45.44801710590138,G11
1.94,0.8485841228779304,0.6563535408245756,1.1635556992724334,129.3930334680679,-1.6023896443007226,45.98243020210187,G11
1.95,0.8342162337662337,0.6906927272727276,1.1660503896103895,126.8224479220779,0.4383859740259921,48.664323051948074,G11
1.96,0.8144300558659217,0.7345598882681564,1.1700507262569833,123.3000987709497,2.7614847486033547,52.0750558659218,G11
1.97,0.7913127374301675,0.7657945251396648,1.1765255865921787,119.81167977653631,3.6485126815642483,54.76173743016761,G11
1.98,0.7695648648648649,0.7889027799227799,1.182045328185328,116.76182996138995,4.0931923938223935,57.05691258687259,G11
1.99,0.7500513513513513,0.7987522007722008,1.1860067181467182,114.42754038610038,3.8161460617760614,58.71331413127413,G11
2.0,0.7305378378378378,0.8086016216216216,1.1899681081081082,112.0932508108108,3.5390997297297293,60.36971567567568,G11
2.0100000000000002,0.6942679310344819,0.7942093965517237,1.2064297413793108,107.75598836206886,1.567785172413744,63.34811698275869,G11
2.02,0.6876807692307693,0.7619838461538458,1.2275507692307694,103.32354615384612,-1.1203746153846348,66.8984153846154,G11
2.0300000000000002,0.7066552307692318,0.7398447692307691,1.2419276923076925,99.64251246153833,-3.4452166153846866,70.79788984615402,G11
2.04,0.7292049152542375,0.7402896610169495,1.2456694915254236,96.799070338983,-4.773712881355914,74.63165084745769,G11
2.05,0.7365481355932203,0.7559125423728814,1.239978813559322,95.30469745762711,-4.0750433898305065,76.7664686440678,G11
2.06,0.7438913559322036,0.7715354237288139,1.2342881355932203,93.81032457627114,-3.3763738983050686,78.901286440678,G11
2.07,0.7491725,0.7990725000000002,1.2186562499999998,91.46946874999999,-0.7461837499999824,82.15267500000002,G11
2.08,0.7498050434782608,0.8260824347826091,1.2083050434782607,88.52532730434777,2.6672426956522424,85.80789730434789,G11
2.09,0.7418547008547011,0.8422205982905983,1.2092726495726493,84.93638829059834,6.199389059829018,89.39505119658115,G11
2.1,0.7256562499999997,0.844539375,1.21605625,81.0846066666666,9.155851666666704,92.35082937500003,G11
2.11,0.7089375000000001,0.84358625,1.2178375,78.11069000000002,10.889309999999991,94.02862624999999,G11
2.12,0.6961397222222222,0.8426374999999999,1.2201641666666667,74.75827361111106,12.573787777777792,95.74130500000001,G11
2.13,0.6934244444444445,0.8417,1.2238933333333333,70.43257222222233,14.132315555555516,97.54367999999995,G11
2.14,0.693704355597366,0.8421774317968015,1.2246251269990593,69.24944009407338,14.540929934148636,98.06369612417686,G11
2.15,0.6945547789275635,0.8429243744120414,1.2247859924741298,68.66489258701789,14.730513189087484,98.33945341486358,G11
2.16,0.695405202257761,0.8436713170272813,1.2249468579492004,68.08034507996237,14.920096444026342,98.61521070555033,G11
2.17,0.6962556255879586,0.8444182596425212,1.2251077234242709,67.49579757290687,15.109679698965191,98.89096799623707,G11
2.18,0.6971060489181562,0.845165202257761,1.2252685888993415,66.91125006585135,15.299262953904048,99.1667252869238,G11
2.19,0.6979564722483538,0.8459121448730009,1.225429454374412,66.32670255879586,15.488846208842897,99.44248257761053,G11
2.2,0.6988068955785514,0.8466590874882408,1.2255903198494826,65.74215505174034,15.678429463781754,99.71823986829729,G11
2.21,0.6996573189087488,0.8474060301034807,1.225751185324553,65.15760754468485,15.868012718720603,99.99399715898402,G11
2.22,0.7005077422389464,0.8481529727187206,1.2259120507996237,64.57306003762933,16.05759597365946,100.26975444967076,G11
2.23,0.701358165569144,0.8488999153339605,1.2260729162746942,63.988512530573836,16.24717922859831,100.54551174035748,G11
2.24,0.7021947832369942,0.8497048554913295,1.2264055997109826,63.447493858381485,16.476639385838165,100.81432414739886,G11
2.25,0.7029794653179191,0.8507279768786127,1.2273846459537572,63.070226517341034,16.85611265173411,101.05701056358383,G11
2.2600000000000002,0.703764147398844,0.851751098265896,1.2283636921965317,62.69295917630056,17.235585917630072,101.2996969797688,G11
2.27,0.7045488294797688,0.8527742196531792,1.2293427384393063,62.31569183526011,17.615059183526018,101.54238339595376,G11
2.2800000000000002,0.7053335115606937,0.8537973410404625,1.2303217846820809,61.93842449421964,17.99453244942198,101.78506981213874,G11
2.29,0.7061181936416185,0.8548204624277457,1.2313008309248554,61.56115715317918,18.374005715317924,102.02775622832371,G11
2.3000000000000003,0.7069028757225434,0.8558435838150289,1.23227987716763,61.183889812138716,18.753478981213885,102.27044264450868,G11
2.31,0.7076875578034683,0.8568667052023121,1.2332589234104046,60.80662247109826,19.13295224710983,102.51312906069364,G11
2.32,0.7084722398843931,0.8578898265895953,1.2342379696531791,60.42935513005781,19.512425513005777,102.75581547687861,G11
2.33,0.709256921965318,0.8589129479768787,1.2352170158959537,60.052087789017335,19.891898778901737,102.99850189306359,G11
2.34,0.7100416040462428,0.8599360693641619,1.2361960621387282,59.674820447976884,20.271372044797683,103.24118830924856,G11
2.35,0.7108262861271677,0.8609591907514451,1.2371751083815028,59.29755310693641,20.650845310693644,103.48387472543354,G11
2.36,0.7116109682080924,0.8619823121387283,1.2381541546242774,58.92028576589596,21.030318576589586,103.72656114161849,G11
2.37,0.7123956502890174,0.8630054335260116,1.239133200867052,58.54301842485549,21.40979184248555,103.96924755780347,G11
2.38,0.7123338615384616,0.8651436615384615,1.2414867230769229,57.810848092307715,22.734309076923022,104.52190450769228,G11
2.39,0.7108307846153846,0.8691805846153846,1.2461805692307693,56.474383476923066,25.667955230769245,105.60234912307693,G11
2.4,0.7093277076923077,0.8732175076923077,1.2508744153846152,55.13791886153848,28.60160138461534,106.68279373846153,G11
2.41,0.7078246307692307,0.8772544307692308,1.2555682615384616,53.80145424615383,31.53524753846156,107.76323835384616,G11
2.42,0.7063215538461538,0.8812913538461538,1.2602621076923075,52.464989630769246,34.46889369230766,108.84368296923076,G11
2.43,0.7048184769230769,0.8853282769230769,1.264955953846154,51.1285250153846,37.40253984615388,109.9241275846154,G11
2.44,0.7033153999999999,0.8893652,1.2696497999999998,49.79206040000001,40.33618599999997,111.0045722,G11
2.45,0.6590058823529398,0.8955130147058825,1.2769001470588237,46.180508602941075,47.1634475735296,113.61596433823537,G11
2.46,0.6025988461538453,0.9040938461538464,1.2779566153846154,41.267525538461456,52.80035161538467,116.1096950769231,G11
2.47,0.5499409756097554,0.9139982926829271,1.2730587804878049,35.95829560975596,55.86371536585365,117.9486185365854,G11
2.48,0.5319932404181182,0.9212282578397213,1.2695291637630661,32.633560418118414,55.65093139372822,118.57632585365855,G11
2.49,0.5140455052264803,0.9284582229965159,1.2659995470383274,29.308825226480728,55.438147421602785,119.20403317073172,G11
2.5,0.49855539568345314,0.9372292805755397,1.2575206474820142,24.53028474820139,54.20352640287768,119.99549741007195,G11
2.5100000000000002,0.4878359712230213,0.9489918705035975,1.239434316546762,16.92965165467605,50.9853393525179,121.10484273381297,G11
2.52,0.49757027027027023,0.9508381081081081,1.2223864189189189,9.846503445945968,47.619868175675684,121.9344958108108,G11
2.5300000000000002,0.5106815503875973,0.9458016279069764,1.2122250387596898,2.8417071317827642,45.28137666666664,122.694593875969,G11
2.54,0.5227135135135135,0.9315295945945941,1.2118129729729732,-3.631110270270369,44.74210797297303,123.46584986486488,G11
2.5500000000000003,0.5180108108108106,0.9078606756756749,1.2207183783783786,-7.943056216216371,47.083763378378464,124.56962689189193,G11
2.56,0.5073910179640717,0.8938522155688622,1.2252301197604791,-11.322849580838337,50.1028492215569,125.79027976047905,G11
2.57,0.4941295031055905,0.8846256521739128,1.227927950310559,-14.310179192546503,53.42222080745333,127.05533074534159,G11
2.58,0.4774462732919253,0.896147391304348,1.2328596273291925,-17.524818944099415,57.06358105590066,128.13635559006212,G11
2.59,0.4606778756476684,0.9085163212435233,1.2339660103626942,-20.671752797927464,60.29189300518135,129.03910937823835,G11
2.6,0.4437918652849736,0.9220551813471507,1.2297898445595854,-23.725188031088177,62.949804922279874,129.69567932642488,G11
2.61,0.4333330769230769,0.9299610633484163,1.2271727714932126,-25.65817854072399,64.52705945701358,130.06438046380092,G11
2.62,0.429563846153846,0.9320040497737557,1.22617842760181,-26.4249918891403,64.9795481447964,130.13346304298642,G11
2.63,0.4257946153846153,0.934047036199095,1.225184083710407,-27.191805237556572,65.43203683257919,130.20254562217195,G11
2.64,0.42202538461538447,0.9360900226244344,1.2241897398190045,-27.95861858597288,65.884525520362,130.27162820135746,G11
2.65,0.4182561538461538,0.9381330090497738,1.2231953959276016,-28.725431934389153,66.33701420814481,130.340710780543,G11
2.66,0.4144869230769229,0.9401759954751132,1.222201052036199,-29.49224528280546,66.78950289592763,130.40979335972852,G11
2.67,0.41071769230769223,0.9422189819004525,1.2212067081447964,-30.259058631221734,67.24199158371042,130.47887593891403,G11
2.68,0.40694846153846137,0.9442619683257919,1.2202123642533935,-31.02587197963804,67.69448027149323,130.54795851809956,G11
2.69,0.4031792307692307,0.9463049547511312,1.219218020361991,-31.79268532805431,68.14696895927602,130.61704109728507,G11
2.7,0.40030634146341454,0.9463324518613606,1.2186409563543004,-32.35725138639283,68.41171095635431,130.59727032092425,G11
2.71,0.39791609756097557,0.9452746854942233,1.2182885815147624,-32.812915057766375,68.57535858151476,130.5296554300385,G11
2.72,0.3955258536585365,0.9442169191270859,1.2179362066752246,-33.26857872913994,68.73900620667523,130.46204053915275,G11
2.73,0.3931356097560975,0.9431591527599487,1.2175838318356866,-33.72424240051349,68.90265383183569,130.394425648267,G11
2.74,0.39074536585365843,0.9421013863928113,1.2172314569961489,-34.17990607188705,69.06630145699616,130.32681075738125,G11
2.75,0.38835512195121946,0.9410436200256739,1.216879082156611,-34.6355697432606,69.22994908215661,130.2591958664955,G11
2.7600000000000002,0.3859648780487804,0.9399858536585366,1.2165267073170731,-35.09123341463417,69.39359670731707,130.19158097560975,G11
2.77,0.3835746341463414,0.9389280872913992,1.2161743324775351,-35.54689708600771,69.55724433247754,130.123966084724,G11
2.7800000000000002,0.3811843902439023,0.9378703209242618,1.2158219576379974,-36.002560757381275,69.720891957638,130.05635119383825,G11
2.79,0.37879414634146336,0.9368125545571245,1.2154695827984594,-36.458224428754825,69.88453958279845,129.9887363029525,G11
2.8000000000000003,0.37640390243902433,0.9357547881899871,1.2151172079589216,-36.91388810012839,70.04818720795892,129.92112141206675,G11
2.81,0.3740136585365853,0.9346970218228499,1.2147648331193837,-37.36955177150193,70.21183483311938,129.853506521181,G11
2.82,0.3716234146341464,0.9336392554557125,1.214412458279846,-37.82521544287548,70.37548245827983,129.78589163029525,G11
2.83,0.3692331707317073,0.9325814890885751,1.214060083440308,-38.280879114249046,70.53913008344031,129.7182767394095,G11
2.84,0.36684292682926833,0.9315237227214378,1.2137077086007702,-38.73654278562259,70.70277770860076,129.65066184852375,G11
2.85,0.3640703100775193,0.9301574418604651,1.2134925968992247,-39.25081823643413,70.87588833333334,129.54925707364342,G11
2.86,0.3562175968992249,0.9246923255813955,1.2151011240310077,-40.54379304263565,71.17472166666666,128.99892955426358,G11
2.87,0.3483648837209301,0.9192272093023256,1.2167096511627906,-41.836767848837226,71.473555,128.44860203488372,G11
2.88,0.3405121705426357,0.913762093023256,1.2183181782945736,-43.12974265503875,71.77238833333332,127.89827451550389,G11
2.89,0.332659457364341,0.908296976744186,1.2199267054263567,-44.422717461240325,72.07122166666667,127.34794699612404,G11
2.9,0.3248067441860466,0.9028318604651164,1.2215352325581397,-45.715692267441845,72.370055,126.7976194767442,G11
2.91,0.29724499999999937,0.8889749999999997,1.2331550000000002,-49.01526500000008,72.80153000000001,124.97709999999995,G11
2.92,0.2687660377358489,0.8755273584905661,1.24463679245283,-52.587350943396274,73.14043207547168,123.01685415094337,G11
2.93,0.25072201257861604,0.8746091194968553,1.2447122641509434,-56.90825031446549,72.41067735849055,120.91401138364776,G11
2.94,0.2409857142857143,0.8772603896103895,1.2425308441558442,-60.327745454545436,71.51293636363637,119.33220525974026,G11
2.95,0.23955714285714283,0.883481168831169,1.2380925324675323,-62.84583636363643,70.44720909090907,118.27143577922075,G11
2.96,0.2381285714285714,0.8897019480519481,1.2336542207792207,-65.36392727272731,69.38148181818181,117.21066629870128,G11
2.97,0.2365784615384615,0.895216153846154,1.2260830769230764,-68.8426250000002,67.80974730769222,115.7363476923076,G11
2.98,0.2348605128205128,0.8997546153846154,1.2141856410256409,-73.64787500000008,65.53924089743586,113.6909374358974,G11
2.99,0.22678253333333304,0.8884933333333329,1.201603733333333,-78.11948800000015,63.84712439999995,111.53140253333326,G11
3.0,0.21884454545454546,0.8713294545454545,1.1906043636363637,-82.18237018181819,62.371410363636365,109.39126090909092,G11
3.0100000000000002,0.21299606060606052,0.8482446060606058,1.1826164848484846,-85.6151762424243,61.113022484848464,107.31862454545453,G11
3.02,0.20842754285714285,0.8286726285714285,1.175050057142857,-88.61758005714287,60.19062234285714,105.11947982857143,G11
3.0300000000000002,0.2043818285714284,0.8105354857142849,1.1676557714285711,-91.4441857714287,59.405456628571386,102.86866268571418,G11
3.04,0.20728823529411766,0.801157450980392,1.158318431372549,-94.26822098039217,59.42194333333333,99.7898550980392,G11
3.0500000000000003,0.20986663461538463,0.7951620673076922,1.1500226923076922,-96.71740812500003,59.863841538461564,96.9358500961538,G11
3.06,0.21162625,0.7931668749999999,1.1432149999999999,-98.66984562500001,60.82538,94.42557124999999,G11
3.0700000000000003,0.21251269131556316,0.7916605417024934,1.1377026827171108,-100.06206499570078,61.55421774720551,92.62940384350816,G11
3.08,0.21177752364574376,0.7910620894239037,1.1345960619088564,-100.41387926913156,61.85089702493552,92.15944339638865,G11
3.09,0.21104235597592433,0.7904636371453139,1.1314894411006018,-100.76569354256233,62.14757630266552,91.68948294926913,G11
3.1,0.2103071883061049,0.789865184866724,1.1283828202923474,-101.11750781599312,62.444255580395534,91.21952250214962,G11
3.11,0.20957202063628547,0.7892667325881341,1.125276199484093,-101.4693220894239,62.74093485812554,90.7495620550301,G11
3.12,0.20883685296646604,0.7886682803095443,1.1221695786758383,-101.82113636285469,63.037614135855556,90.27960160791056,G11
3.13,0.2081016852966466,0.7880698280309544,1.119062957867584,-102.17295063628546,63.334293413585556,89.80964116079106,G11
3.14,0.20736651762682715,0.7874713757523646,1.1159563370593293,-102.52476490971625,63.63097269131558,89.33968071367153,G11
3.15,0.20663134995700774,0.7868729234737747,1.1128497162510749,-102.87657918314703,63.92765196904558,88.86972026655202,G11
3.16,0.20589618228718828,0.7862744711951848,1.1097430954428202,-103.22839345657782,64.22433124677559,88.39975981943249,G11
3.17,0.20516101461736888,0.785676018916595,1.1066364746345658,-103.5802077300086,64.5210105245056,87.92979937231298,G11
3.18,0.20442584694754942,0.7850775666380051,1.1035298538263112,-103.93202200343939,64.8176898022356,87.45983892519345,G11
3.19,0.1971832989690721,0.7828860824742268,1.0952298969072165,-105.06932670103093,65.72802268041238,85.9003737113402,G11
3.2,0.18741010309278325,0.7800750859106529,1.0849103092783503,-106.51209989690726,66.8769986254296,83.91721219931266,G11
3.21,0.17763690721649483,0.777264089347079,1.0745907216494845,-107.9548730927835,68.02597457044673,81.93405068728522,G11
3.22,0.17367062499999994,0.7752882,1.071229375,-108.50003140000001,68.42256235,81.13988399999998,G11
3.23,0.17106645833333334,0.7735082,1.0695002083333334,-108.83463806666667,68.64266401666667,80.62461733333333,G11
3.24,0.1684622916666666,0.7717282,1.0677710416666666,-109.16924473333334,68.86276568333334,80.10935066666666,G11
3.25,0.165858125,0.7699482,1.066041875,-109.5038514,69.08286735,79.594084,G11
3.2600000000000002,0.16325395833333328,0.7681682,1.0643127083333332,-109.83845806666667,69.30296901666667,79.07881733333332,G11
3.27,0.16064979166666665,0.7663882,1.0625835416666667,-110.17306473333333,69.52307068333333,78.56355066666666,G11
3.2800000000000002,0.15804562499999994,0.7646082,1.060854375,-110.5076714,69.74317235000001,78.04828399999998,G11
3.29,0.15544145833333334,0.7628282,1.0591252083333333,-110.84227806666667,69.96327401666666,77.53301733333333,G11
3.3000000000000003,0.1528372916666666,0.7610482,1.0573960416666666,-111.17688473333334,70.18337568333334,77.01775066666666,G11
3.31,0.150233125,0.7592682,1.055666875,-111.5114914,70.40347734999999,76.502484,G11
3.3200000000000003,0.14762895833333328,0.7574882,1.0539377083333332,-111.84609806666667,70.62357901666667,75.98721733333332,G11
3.33,0.14502479166666665,0.7557081999999999,1.0522085416666667,-112.18070473333333,70.84368068333333,75.47195066666666,G11
3.34,0.12797056250000047,0.7302195000000007,1.0372341875000004,-113.95238774999996,71.18693137499999,72.72300100000008,G11
3.35,0.11088727272727274,0.7024104545454546,1.021235909090909,-115.89312954545454,71.36641545454546,69.29632727272728,G11
3.36,0.10644571428571442,0.6867935714285719,1.0130735714285717,-117.20174642857138,70.82115571428574,65.29117142857154,G11
3.37,0.09968006896551729,0.6681614482758622,1.0085733103448276,-118.08507758620689,70.23205793103449,60.978363586206925,G11
3.38,0.09400247706422013,0.6507698776758412,1.0065520795107032,-118.61479801223243,69.74853064220183,57.05245143730892,G11
3.39,0.09624100917431194,0.6430420489296635,1.0069251681957185,-118.63347079510704,69.71585174311926,55.035503425076435,G11
3.4,0.09847954128440366,0.6353142201834863,1.0072982568807338,-118.65214357798166,69.68317284403669,53.018555412844044,G11
3.41,0.10071807339449548,0.6275863914373087,1.007671345565749,-118.67081636085628,69.65049394495412,51.00160740061156,G11
3.42,0.0996937254901961,0.6274235294117647,0.9938932679738564,-118.7286320261438,71.24143254901959,46.97619823529417,G11
3.43,0.09202920863309334,0.6318385611510793,0.9812307194244603,-119.01707928057554,73.32549812949644,42.63342280575535,G11
3.44,0.07512530612244848,0.641473469387755,0.9707622448979587,-119.63701163265308,75.94765571428574,37.99751265306114,G11
3.45,0.04830217687074788,0.633255782312925,0.9481704081632649,-120.76906605442178,77.76517952380955,33.33426775510197,G11
3.46,0.029098726114649826,0.6163605095541403,0.9251680891719748,-121.94243012738852,78.67924770700637,28.505175286624258,G11
3.47,0.015882165605095238,0.5926471337579612,0.9018432484076429,-123.14825178343952,78.88345789808918,23.545774012738736,G11
3.48,0.0017755102040815426,0.5549179591836733,0.8808132653061224,-124.01371020408163,78.6490112244898,18.005606326530575,G11
3.49,-0.010519477124183389,0.5201033986928093,0.8609791503267967,-124.40153437908496,78.6433188888889,12.795788692810282,G11
3.5,-0.02113385620915057,0.48810993464052216,0.8422275163398688,-124.35163895424837,78.85287444444444,7.896324640522763,G11
3.5100000000000002,-0.024386301369863125,0.46047684931506755,0.822673972602739,-123.41942794520544,78.84460890410959,2.919584657534073,G11
3.52,-0.026478895497026346,0.4458281393372982,0.8130567204757859,-122.84579193712828,78.83556527612575,0.25772357689039477,G11
3.5300000000000002,-0.027608887000849652,0.4426548173322004,0.8122580798640612,-122.5980408751062,78.8277827782498,-0.35062816482584624,G11
3.54,-0.028738878504672907,0.4394814953271028,0.8114594392523364,-122.3502898130841,78.82000028037383,-0.9589799065420602,G11
3.5500000000000003,-0.02986887000849621,0.436308173322005,0.8106607986406117,-122.10253875106201,78.81221778249788,-1.567331648258301,G11
3.56,-0.030998861512319464,0.4331348513169074,0.809862158028887,-121.85478768903992,78.80443528462193,-2.175683389974515,G11
3.5700000000000003,-0.03212885301614277,0.42996152931180964,0.8090635174171622,-121.60703662701783,78.79665278674597,-2.7840351316907563,G11
3.58,-0.033258844519966024,0.42678820730671196,0.8082648768054376,-121.35928556499574,78.78887028887002,-3.39238687340697,G11
3.59,-0.034388836023789275,0.42361488530161434,0.8074662361937128,-121.11153450297367,78.78108779099406,-4.0007386151231845,G11
3.6,-0.03551882752761258,0.42044156329651655,0.8066675955819881,-120.86378344095156,78.7733052931181,-4.609090356839426,G11
3.61,-0.03664881903143583,0.41726824129141893,0.8058689549702635,-120.61603237892949,78.76552279524215,-5.217442098555639,G11
3.62,-0.03777881053525914,0.41409491928632114,0.8050703143585387,-120.36828131690739,78.75774029736618,-5.8257938402718805,G11
3.63,-0.038908802039082396,0.4109215972812235,0.804271673746814,-120.12053025488531,78.74995779949023,-6.434145581988095,G11
3.64,-0.03928978332239002,0.4084478791858175,0.8036353775443205,-119.83860806959947,78.75494696651346,-6.932889304005255,G11
3.65,-0.039434235062376886,0.40619508864084053,0.8030503479973736,-119.545895003283,78.76396929087328,-7.397019967170052,G11
3.66,-0.039578686802363754,0.4039422980958634,0.8024653184504268,-119.25318193696651,78.7729916152331,-7.861150630334869,G11
3.67,-0.03972313854235062,0.40168950755088645,0.80188028890348,-118.96046887065003,78.78201393959291,-8.325281293499666,G11
3.68,-0.039867590282337495,0.3994367170059094,0.8012952593565332,-118.66775580433355,78.79103626395272,-8.789411956664484,G11
3.69,-0.040012042022324355,0.3971839264609324,0.8007102298095864,-118.37504273801707,78.80005858831254,-9.25354261982928,G11
3.7,-0.04015649376231123,0.39493113591595536,0.8001252002626396,-118.08232967170059,78.80908091267236,-9.717673282994099,G11
3.71,-0.0403009455022981,0.39267834537097834,0.7995401707156927,-117.78961660538411,78.81810323703218,-10.181803946158894,G11
3.72,-0.040445397242284964,0.3904255548260013,0.7989551411687459,-117.49690353906762,78.827125561392,-10.645934609323712,G11
3.73,-0.04058984898227183,0.3881727642810243,0.7983701116217992,-117.20419047275115,78.8361478857518,-11.110065272488509,G11
3.74,-0.040734300722258705,0.38591997373604725,0.7977850820748523,-116.91147740643466,78.84517021011162,-11.574195935653327,G11
3.75,-0.040878752462245566,0.3836671831910703,0.7972000525279055,-116.61876434011819,78.85419253447144,-12.038326598818124,G11
3.7600000000000002,-0.04102320420223244,0.3814143926460932,0.7966150229809587,-116.3260512738017,78.86321485883126,-12.50245726198294,G11
3.77,-0.04116765594221931,0.3791616021011162,0.7960299934340118,-116.03333820748522,78.87223718319106,-12.966587925147739,G11
3.7800000000000002,-0.041312107682206174,0.37690881155613914,0.795444963887065,-115.74062514116874,78.88125950755088,-13.430718588312555,G11
3.79,-0.03625768786127163,0.3722625433526011,0.7953936416184971,-113.97069901734102,79.39999520231214,-16.0950489595376,G11
3.8000000000000003,-0.02659294797687839,0.36549375722543337,0.7958156069364163,-110.89079150289011,80.37074086705205,-20.710499826589704,G11
3.81,-0.021337777777777716,0.3678011111111112,0.7916944444444444,-107.35708222222218,82.99915111111116,-25.865990000000078,G11
3.8200000000000003,-0.019955967741935636,0.37106677419354844,0.7834032258064509,-104.44003967741929,85.65796209677428,-30.315686774193676,G11
3.83,-0.02350032258064519,0.37200225806451614,0.7697177419354838,-102.82098322580644,87.63407903225809,-33.270622258064535,G11
3.84,-0.027044677419354735,0.37293774193548385,0.7560322580645166,-101.2019267741936,89.61019596774187,-36.225557741935404,G11
3.85,-0.04288889570552114,0.36467650306748484,0.7334373619631906,-99.47455042944789,91.99859527607357,-41.228866073619535,G11
3.86,-0.05983519480519414,0.351199090909092,0.710584870129871,-97.72925655844163,94.1493002597402,-46.67294551948026,G11
3.87,-0.07505597402597407,0.3258354545454545,0.6906043506493507,-95.97452279220778,95.4182612987013,-52.601367597402614,G11
3.88,-0.08288243749999995,0.2990348750000003,0.6796136875000002,-94.21908525000002,95.3458958125,-58.36517381249993,G11
3.89,-0.08621986666666656,0.27276213333333316,0.6731623333333334,-92.41241906666664,94.62147306666665,-64.08896146666675,G11
3.9,-0.0776731999999999,0.2555087999999998,0.673729,-90.19359239999997,93.05404639999999,-70.03297480000008,G11
3.91,-0.07434,0.24878,0.67395,-89.32825,92.44275,-72.35114,G11
3.92,-0.07434,0.24878,0.67395,-89.32825,92.44275,-72.35114,G11
3.93,-0.07434,0.24878,0.67395,-89.32825,92.44275,-72.35114,G11
3.94,-0.07434,0.24878,0.67395,-89.32825,92.44275,-72.35114,G11
3.95,-0.07434,0.24878,0.67395,-89.32825,92.44275,-72.35114,G11
3.96,-0.07434,0.24878,0.67395,-89.32825,92.44275,-72.35114,G11
3.97,-0.07434,0.24878,0.67395,-89.32825,92.44275,-72.35114,G11
3.98,-0.07434,0.24878,0.67395,-89.32825,92.44275,-72.35114,G11
3.99,-0.07434,0.24878,0.67395,-89.32825,92.44275,-72.35114,G11
4.0,-0.07434,0.24878,0.67395,-89.32825,92.44275,-72.35114,G11
