time,ax_g,ay_g,az_g,gx_dps,gy_dps,gz_dps,label
0.0,0.02393,-0.31055,0.94458,-25.74046,-5.38931,-10.48855,N3
0.01,0.0543325157232705,-0.31761289308176105,0.9114164779874213,-25.097126666666664,-10.449561572327053,-12.783424213836483,N3
0.02,0.08639019108280262,-0.32369159235668793,0.8626485987261145,-23.142705605095532,-15.911019044585998,-13.056932484076428,N3
0.03,0.12082968152866239,-0.3283540127388535,0.791425668789809,-19.30159732484077,-21.949821592356678,-10.421645859872616,N3
0.04,0.13673570469798657,-0.32724523489932883,0.7340611409395974,-14.831087382550335,-24.275939261744966,-8.123676778523489,N3
0.05,0.15595450331125832,-0.3253835099337748,0.6936502649006623,-10.601689271523172,-24.45417715231788,-6.813308344370862,N3
0.06,0.1878816556291391,-0.3241649668874172,0.6798224503311259,-7.0427157615894,-21.956826158940395,-7.217732185430464,N3
0.07,0.2251975167785235,-0.32204758389261745,0.6799495973154362,-2.6001302013422793,-17.615248389261744,-6.800449127516778,N3
0.08,0.2578375,-0.3140696875,0.6900112500000001,1.7662243749999993,-11.833019687500002,-5.7695609375000005,N3
0.09,0.2798875,-0.29552593749999995,0.7135862500000001,5.678436875000007,-4.0276759374999855,-3.8897921874999963,N3
0.1,0.2988263803680982,-0.2689881595092024,0.7611579141104295,8.588301349693257,4.751742822085906,-2.1834865030674813,N3
0.11,0.31533497757847534,-0.2410498206278027,0.8158205381165919,10.881249686098656,13.552050044843046,-0.5972641255605389,N3
0.12,0.32162645739910317,-0.22238165919282513,0.8638250224215246,11.100330403587444,20.12446708520179,0.5323681614349767,N3
0.13,0.32791793721973095,-0.20371349775784753,0.9118295067264575,11.319411121076234,26.696884125560544,1.6620004484304938,N3
0.14,0.3134765369649805,-0.1926976653696498,0.951013112840467,10.42355821011673,32.42142143968873,2.463006303501947,N3
0.15,0.29647264591439687,-0.18262762645914396,0.9891064980544747,9.389904513618678,38.041164630350195,3.2233954085603114,N3
0.16,0.2688383333333333,-0.17921833333333334,1.0227216666666668,7.852414999999998,43.893125000000005,3.6692133333333334,N3
0.17,0.21861437499999992,-0.189963125,1.046820625,5.2442743749999945,50.23854687500001,3.4465674999999996,N3
0.18,0.18547673913043478,-0.19734768115942028,1.0609307246376811,3.4968476086956524,54.14260289855073,3.231112608695652,N3
0.19,0.17796858695652173,-0.199691884057971,1.060057536231884,3.040491630434782,54.384610144927535,3.026444130434782,N3
0.2,0.1704604347826087,-0.20203608695652175,1.059184347826087,2.584135652173912,54.62661739130435,2.821775652173913,N3
0.21,0.16295228260869565,-0.20438028985507245,1.0583111594202899,2.1277796739130435,54.86862463768116,2.6171071739130434,N3
0.22,0.1554441304347826,-0.2067244927536232,1.0574379710144928,1.6714236956521735,55.11063188405797,2.4124386956521735,N3
0.23,0.14793597826086957,-0.20906869565217392,1.0565647826086957,1.2150677173913036,55.35263913043478,2.207770217391304,N3
0.24,0.14042782608695653,-0.21141289855072462,1.0556915942028986,0.758711739130435,55.594646376811596,2.0031017391304347,N3
0.25,0.1329196739130435,-0.21375710144927534,1.0548184057971013,0.3023557608695646,55.836653623188404,1.798433260869565,N3
0.26,0.12541152173913042,-0.2161013043478261,1.0539452173913042,-0.15400021739130532,56.07866086956522,1.5937647826086951,N3
0.27,0.11790336956521737,-0.21844550724637682,1.0530720289855071,-0.6103561956521752,56.32066811594203,1.3890963043478253,N3
0.28,0.11039521739130433,-0.22078971014492754,1.05219884057971,-1.0667121739130452,56.56267536231884,1.1844278260869556,N3
0.29,0.10340189811010683,-0.2225970501232539,1.050314774034511,-1.4838780772391122,56.49355776499589,1.0466656696795398,N3
0.3,0.09732383730484799,-0.2234499671322925,1.0466335907970419,-1.8313727362366474,55.87132933442892,1.0278480854560395,N3
0.31,0.09124577649958915,-0.22430288414133112,1.0429524075595726,-2.1788673952341826,55.24910090386196,1.009030501232539,N3
0.32,0.08516771569433032,-0.22515580115036976,1.0392712243221034,-2.5263620542317176,54.62687247329499,0.9902129170090386,N3
0.33,0.07908965488907148,-0.22600871815940837,1.0355900410846344,-2.8738567132292525,54.00464404272802,0.9713953327855381,N3
0.34,0.07301159408381264,-0.22686163516844698,1.0319088578471651,-3.221351372226788,53.38241561216105,0.9525777485620377,N3
0.35000000000000003,0.06693353327855381,-0.22771455217748562,1.0282276746096959,-3.5688460312243233,52.760187181594084,0.9337601643385373,N3
0.36,0.060855472473294994,-0.22856746918652424,1.0245464913722266,-3.9163406902218565,52.137958751027114,0.914942580115037,N3
0.37,0.05477741166803616,-0.22942038619556285,1.0208653081347576,-4.2638353492193914,51.51573032046015,0.8961249958915366,N3
0.38,0.048699350862777324,-0.23027330320460146,1.0171841248972884,-4.611330008216926,50.89350188989318,0.8773074116680362,N3
0.39,0.04262129005751848,-0.2311262202136401,1.0135029416598191,-4.958824667214461,50.27127345932621,0.8584898274445357,N3
0.4,0.03654322925225964,-0.2319791372226787,1.00982175842235,-5.306319326211997,49.64904502875925,0.8396722432210353,N3
0.41000000000000003,0.0264168584070796,-0.23455823008849558,1.0003329203539821,-5.811123230088498,47.89617168141592,0.9540654867256648,N3
0.42,-0.0009680973451327152,-0.2444962831858407,0.9660851327433628,-6.986561283185839,41.32318053097346,1.6363575221238933,N3
0.43,-0.02835305309734519,-0.2544343362831859,0.9318373451327433,-8.161999336283188,34.75018938053096,2.3186495575221255,N3
0.44,-0.030125064935064935,-0.26109649350649355,0.8826320129870128,-8.170520129870129,22.073859675324613,3.2054149350649395,N3
0.45,-0.001149926470587835,-0.2655720588235294,0.8292469117647056,-7.7981618382352895,8.697913308823455,4.491247058823539,N3
0.46,0.07142813397129193,-0.2668525837320574,0.7728825358851675,-6.9575257894736815,-4.725810382775125,6.385038947368426,N3
0.47000000000000003,0.09636593301435412,-0.2629387081339713,0.7746337320574163,-5.796052105263156,-7.5454898086124444,8.532670526315794,N3
0.48,0.12130373205741617,-0.2590248325358852,0.7763849282296651,-4.634578421052637,-10.365169234449748,10.680302105263149,N3
0.49,0.10687808988764044,-0.25285955056179776,0.7685580898876404,-4.1778898876404496,-8.405867865168538,10.793037415730337,N3
0.5,0.0913884615384615,-0.2463427692307692,0.7547093846153844,-3.4412206153846046,-5.823608307692289,10.299475538461525,N3
0.51,0.08350384615384612,-0.23873507692307688,0.7124555384615382,-0.9984744615384509,-1.5722852307692117,7.304760153846141,N3
0.52,0.15252440000000037,-0.2124777333333332,0.7351665333333335,1.8119049333333461,-0.6707393333333318,6.045193999999996,N3
0.53,0.21554386138613876,-0.18598465346534643,0.7692179207920794,3.9862395049504995,0.5503723762376372,6.40752960396041,N3
0.54,0.2456379207920794,-0.1644698019801979,0.8046288118811883,4.923432574257431,3.3090456435643727,9.151084059405957,N3
0.55,0.2381338345864656,-0.15601165413533846,0.8312466165413535,5.549787218045113,9.16925887218054,12.24587962406018,N3
0.56,0.15766744186046433,-0.17293441860465136,0.8410141860465119,5.562815271317819,21.040418837209412,15.956089302325553,N3
0.5700000000000001,0.07941162790697603,-0.19337627906976762,0.8724327906976747,4.5923424031007665,31.952302558139632,13.092019534883695,N3
0.58,0.02659176470588238,-0.20041764705882353,0.8949005882352941,3.932642941176471,37.29231705882353,10.048498823529414,N3
0.59,-0.016578000000000016,-0.20326013793103448,0.9108080689655172,3.412158068965517,39.30244379310344,7.370678896551724,N3
0.6,-0.06077799999999985,-0.21041875862068962,0.9135873793103447,2.9699373793103465,36.354305862068976,6.549409931034486,N3
0.61,-0.08386651612903223,-0.21798993548387094,0.9179192903225806,2.5123829677419365,30.952081483870977,5.883969161290324,N3
0.62,-0.0961202097902098,-0.22455356643356644,0.9218971639471639,2.1268067987567987,25.71377647241647,5.378265936285937,N3
0.63,-0.09380552447552447,-0.22620391608391607,0.922040132090132,2.071053108003108,24.850178958818955,5.320139285159285,N3
0.64,-0.09149083916083915,-0.22785426573426573,0.9221831002331002,2.015299417249417,23.98658144522144,5.262012634032634,N3
0.65,-0.08917615384615384,-0.2295046153846154,0.9223260683760683,1.9595457264957261,23.122983931623924,5.203885982905983,N3
0.66,-0.08686146853146852,-0.23115496503496505,0.9224690365190366,1.9037920357420353,22.25938641802641,5.145759331779331,N3
0.67,-0.0845467832167832,-0.2328053146853147,0.9226120046620047,1.8480383449883444,21.395788904428898,5.08763268065268,N3
0.68,-0.08223209790209787,-0.23445566433566434,0.9227549728049728,1.7922846542346536,20.53219139083138,5.029506029526029,N3
0.6900000000000001,-0.07991741258741256,-0.236106013986014,0.922897940947941,1.7365309634809627,19.668593877233867,4.971379378399377,N3
0.7000000000000001,-0.07760272727272724,-0.23775636363636365,0.9230409090909091,1.680777272727272,18.804996363636352,4.913252727272726,N3
0.71,-0.07528804195804195,-0.23940671328671329,0.9231838772338773,1.6250235819735819,17.941398850038844,4.8551260761460755,N3
0.72,-0.07297335664335663,-0.24105706293706294,0.9233268453768454,1.569269891219891,17.077801336441333,4.796999425019425,N3
0.73,-0.07065867132867132,-0.2427074125874126,0.9234698135198135,1.5135162004662002,16.214203822843817,4.738872773892774,N3
0.74,-0.06834398601398599,-0.24435776223776226,0.9236127816627817,1.4577625097125093,15.350606309246302,4.680746122766122,N3
0.75,-0.06732628800000001,-0.24633324800000003,0.9246318560000001,1.42102248,14.582791935999996,4.632621471999999,N3
0.76,-0.06906468800000001,-0.24899964800000002,0.9275126560000001,1.42468648,14.018516735999995,4.6057510719999994,N3
0.77,-0.07080308800000001,-0.25166604800000003,0.930393456,1.42835048,13.454241535999994,4.5788806719999995,N3
0.78,-0.07254148800000002,-0.25433244800000004,0.933274256,1.43201448,12.889966335999993,4.5520102719999995,N3
0.79,-0.07427988800000002,-0.25699884800000006,0.936155056,1.43567848,12.325691135999993,4.525139872,N3
0.8,-0.07601828800000002,-0.259665248,0.9390358560000001,1.43934248,11.761415935999992,4.498269472,N3
0.81,-0.07775668800000002,-0.26233164800000003,0.9419166560000001,1.44300648,11.197140735999993,4.471399072,N3
0.8200000000000001,-0.07949508800000002,-0.26499804800000004,0.9447974560000001,1.44667048,10.632865535999992,4.444528672,N3
0.8300000000000001,-0.08123348800000002,-0.26766444800000005,0.9476782560000001,1.45033448,10.06859033599999,4.417658272,N3
0.84,-0.08297188800000001,-0.270330848,0.950559056,1.4539984799999999,9.504315135999997,4.390787872,N3
0.85,-0.08471028800000001,-0.272997248,0.953439856,1.45766248,8.940039935999996,4.363917472,N3
0.86,-0.08644868800000001,-0.27566364800000004,0.956320656,1.4613264799999999,8.375764735999997,4.337047072,N3
0.87,-0.08818708800000001,-0.27833004800000005,0.9592014560000001,1.46499048,7.811489535999995,4.310176672,N3
0.88,-0.10036393063583823,-0.29425728323699435,0.9567670520231214,0.22097531791906722,6.8343116763005725,1.367336878612698,N3
0.89,-0.11302039735099337,-0.3117564238410596,0.9532283443708609,-1.2276472847682132,5.686976622516553,-2.247105960264908,N3
0.9,-0.10735814569536418,-0.3157166887417219,0.950321059602649,-1.975839337748352,3.7356057615893845,-6.180172185430503,N3
0.91,-0.11248526946107795,-0.32980311377245525,0.9270530538922153,-2.369612934131738,1.0602001796406921,-8.37820467065869,N3
0.92,-0.12542538922155688,-0.3512222754491018,0.8890410778443114,-2.506738682634731,-2.1395064071856273,-9.31983341317365,N3
0.93,-0.09797107594936716,-0.3597561392405063,0.8943398734177215,-1.8947681645569638,-6.551456012658217,-10.450959050632909,N3
0.9400000000000001,-0.06339256410256419,-0.36014478632478636,0.9000247863247863,-1.446593247863248,-10.276769829059825,-11.359166153846154,N3
0.9500000000000001,-0.022460940170940115,-0.34658353276353276,0.897796866096866,-1.4813909686609688,-12.364587492877495,-11.776730256410257,N3
0.96,0.018470683760683504,-0.3330222792022793,0.8955689458689459,-1.5161886894586893,-14.452405156695143,-12.194294358974357,N3
0.97,0.05940230769230756,-0.3194610256410257,0.8933410256410256,-1.5509864102564102,-16.540222820512813,-12.61185846153846,N3
0.98,0.09662190476190483,-0.2852596428571428,0.9643825000000001,-0.5139952380952355,-19.322974047619052,-10.660121547619042,N3
0.99,0.12791994011976046,-0.2539871257485031,1.0405892814371258,0.136030598802378,-21.451845928143698,-8.593224610778446,N3
1.0,0.12784808383233534,-0.26853802395209575,1.049727005988024,-3.0362508383233426,-18.62695970059881,-9.013757544910177,N3
1.01,0.12141359375000006,-0.2818361458333333,1.0485334375000002,-5.397743020833326,-15.35830083333335,-10.279339895833322,N3
1.02,0.10780421874999997,-0.29372156250000003,1.0356896875000001,-6.844940937500004,-11.58921749999999,-12.497850312500006,N3
1.03,0.09232999999999995,-0.30163242774566473,1.014618092485549,-7.971847341040465,-10.300842138728326,-14.233946184971103,N3
1.04,0.07533000000000002,-0.306291387283237,0.9868146242774567,-8.83669705202312,-11.042136936416185,-15.575339248554911,N3
1.05,0.08359355263157901,-0.30680092105263157,0.9462478947368419,-9.198276315789474,-14.98894763157897,-15.610883684210524,N3
1.06,0.09390772200772203,-0.3061833976833977,0.9148211196911197,-9.333730463320462,-18.42110992277993,-15.357300656370652,N3
1.07,0.0960667953667954,-0.30506138996139,0.9112581853281853,-9.199332007722006,-19.01057633204634,-15.097936177606174,N3
1.08,0.09822586872586875,-0.3039393822393822,0.9076952509652509,-9.06493355212355,-19.60004274131275,-14.838571698841696,N3
1.09,0.10038494208494211,-0.3028173745173745,0.9041323166023165,-8.930535096525094,-20.18950915057916,-14.579207220077215,N3
1.1,0.10254401544401548,-0.3016953667953668,0.9005693822393822,-8.796136640926639,-20.77897555984557,-14.319842741312737,N3
1.11,0.10470308880308883,-0.3005733590733591,0.8970064478764478,-8.661738185328183,-21.36844196911198,-14.060478262548258,N3
1.12,0.1068621621621622,-0.29945135135135137,0.8934435135135135,-8.527339729729727,-21.957908378378388,-13.801113783783778,N3
1.1300000000000001,0.10902123552123556,-0.2983293436293436,0.889880579150579,-8.392941274131271,-22.5473747876448,-13.5417493050193,N3
1.1400000000000001,0.11118030888030891,-0.2972073359073359,0.8863176447876447,-8.258542818532815,-23.13684119691121,-13.28238482625482,N3
1.1500000000000001,0.11333938223938228,-0.2960853281853282,0.8827547104247103,-8.12414436293436,-23.72630760617762,-13.023020347490341,N3
1.16,0.11549845559845559,-0.29496332046332047,0.879191776061776,-7.989745907335907,-24.315774015444017,-12.763655868725868,N3
1.17,0.11765752895752896,-0.29384131274131275,0.8756288416988417,-7.855347451737451,-24.905240424710428,-12.50429138996139,N3
1.18,0.11981660231660232,-0.29271930501930504,0.8720659073359074,-7.720948996138995,-25.494706833976835,-12.24492691119691,N3
1.19,0.12135552687261955,-0.29180737198476514,0.8691822683030047,-7.588137397376216,-25.954066686415572,-12.037671294964028,N3
1.2,0.1217427465086754,-0.29128557765552265,0.8675601777401608,-7.45827281845112,-26.171800076174353,-11.927189280575538,N3
1.21,0.12212996614473128,-0.29076378332628017,0.865938087177317,-7.328408239526025,-26.389533465933134,-11.81670726618705,N3
1.22,0.12251718578078713,-0.2902419889970377,0.8643159966144731,-7.19854366060093,-26.60726685569192,-11.70622525179856,N3
1.23,0.122904405416843,-0.2897201946677952,0.8626939060516293,-7.068679081675835,-26.8250002454507,-11.59574323741007,N3
1.24,0.12329162505289885,-0.2891984003385527,0.8610718154887854,-6.9388145027507395,-27.04273363520948,-11.485261223021583,N3
1.25,0.12367884468895472,-0.2886766060093102,0.8594497249259416,-6.808949923825645,-27.26046702496826,-11.374779208633093,N3
1.26,0.12406606432501058,-0.28815481168006774,0.8578276343630977,-6.67908534490055,-27.47820041472704,-11.264297194244604,N3
1.27,0.12445328396106645,-0.28763301735082525,0.8562055438002539,-6.549220765975454,-27.695933804485822,-11.153815179856114,N3
1.28,0.1248405035971223,-0.28711122302158276,0.8545834532374101,-6.419356187050359,-27.913667194244603,-11.043333165467626,N3
1.29,0.12522772323317816,-0.2865894286923403,0.8529613626745662,-6.289491608125264,-28.131400584003387,-10.932851151079136,N3
1.3,0.12561494286923403,-0.2860676343630978,0.8513392721117224,-6.159627029200168,-28.349133973762168,-10.822369136690646,N3
1.31,0.1260021625052899,-0.2855458400338553,0.8497171815488785,-6.029762450275073,-28.56686736352095,-10.711887122302159,N3
1.32,0.12638938214134576,-0.2850240457046128,0.8480950909860347,-5.899897871349978,-28.78460075327973,-10.601405107913669,N3
1.33,0.1267766017774016,-0.28450225137537033,0.8464730004231908,-5.770033292424882,-29.00233414303851,-10.49092309352518,N3
1.34,0.12716382141345747,-0.28398045704612784,0.844850909860347,-5.640168713499787,-29.220067532797295,-10.38044107913669,N3
1.35,0.12755104104951334,-0.28345866271688536,0.8432288192975032,-5.510304134574692,-29.437800922556075,-10.269959064748202,N3
1.36,0.1279382606855692,-0.28293686838764287,0.8416067287346594,-5.3804395556495965,-29.655534312314856,-10.159477050359712,N3
1.37,0.12832548032162505,-0.2824150740584004,0.8399846381718156,-5.250574976724502,-29.873267702073637,-10.048995035971222,N3
1.3800000000000001,0.12871269995768092,-0.28189327972915784,0.8383625476089717,-5.120710397799407,-30.091001091832418,-9.938513021582732,N3
1.3900000000000001,0.1290999195937368,-0.28137148539991536,0.8367404570461279,-4.990845818874311,-30.3087344815912,-9.828031007194244,N3
1.4000000000000001,0.12948713922979266,-0.28084969107067287,0.835118366483284,-4.860981239949216,-30.52646787134998,-9.717548992805755,N3
1.41,0.1298743588658485,-0.28032789674143044,0.8334962759204402,-4.7311166610241235,-30.744201261108756,-9.607066978417269,N3
1.42,0.13026157850190437,-0.27980610241218795,0.8318741853575964,-4.601252082099029,-30.961934650867537,-9.496584964028779,N3
1.43,0.14061615384615372,-0.26972911242603564,0.8173778698224854,-3.270521715976348,-30.580602721893495,-9.472155562130178,N3
1.44,0.15475159763313606,-0.2560033136094675,0.7980375147928994,-1.4806474556213067,-29.890958875739653,-9.463303964497042,N3
1.45,0.16580485207100595,-0.24444710059171595,0.7839546745562129,0.05510402366864309,-26.7652547337278,-8.876102781065088,N3
1.46,0.16817653846153838,-0.23466448717948715,0.7773211538461539,1.6842808974359078,-23.181639999999977,-7.976119871794864,N3
1.47,0.1536957692307692,-0.22832474358974356,0.7851480769230769,3.4948129487179544,-18.709139999999987,-6.468972435897432,N3
1.48,0.14872632352941176,-0.22419999999999998,0.7913836764705883,4.724965588235294,-15.575550147058825,-5.957899632352942,N3
1.49,0.14643955882352944,-0.2207,0.7971704411764706,5.791421470588231,-12.81960161764707,-5.727770955882354,N3
1.5,0.144011897810219,-0.21673072992700737,0.8041336496350364,6.922936861313857,-9.875301678832152,-5.542875985401457,N3
1.51,0.1393768613138686,-0.2054095620437955,0.8295278102189784,9.073717883211696,-3.9801629927006834,-6.066642408759128,N3
1.52,0.14430137755102052,-0.20460719387755105,0.8358545408163265,10.546658112244911,1.7170893877551618,-6.395623877551023,N3
1.53,0.15352076530612255,-0.20853066326530614,0.8336147448979592,11.715061173469397,7.32543632653066,-6.637093265306124,N3
1.54,0.16202887417218545,-0.2013279470198675,0.8550792052980134,13.15979649006623,14.183406026490086,-5.846116026490063,N3
1.55,0.16225448275862073,-0.18957475862068968,0.8929766896551723,14.510027517241378,21.838905586206884,-4.468019448275865,N3
1.56,0.1340475862068965,-0.17627820689655171,0.9580525517241381,15.162834413793105,30.68334006896554,-2.3621987586206847,N3
1.57,0.10256173611111094,-0.1529165972222221,1.0542229166666672,13.819019583333322,36.987172569444475,-1.706422708333332,N3
1.58,0.05116499999999939,-0.13633519230769234,1.1526655769230776,11.330589230769206,39.94979480769229,-1.1858476923076846,N3
1.59,-0.03866833333333369,-0.13962365384615386,1.2368642948717952,7.729102051282037,37.66950634615384,-0.060386153846149426,N3
1.6,-0.07274943298969089,-0.16518670103092814,1.2563728865979382,4.676869020618529,29.279613041237017,-0.3287180412371198,N3
1.61,-0.09017726804123742,-0.19740319587628924,1.2565584536082475,1.788698917525723,19.064772835051368,-1.0133778350515583,N3
1.62,-0.08042927953890461,-0.20721098943323737,1.2520644668587897,0.9227915850144006,15.910132411143099,-1.2198477233429414,N3
1.6300000000000001,-0.06511515850144063,-0.21242904899135456,1.2466120172910662,0.47108265129682136,14.201557002881813,-1.3283751008645552,N3
1.6400000000000001,-0.04980103746397665,-0.21764710854947175,1.241159567723343,0.01937371757924211,12.492981594620524,-1.4369024783861692,N3
1.6500000000000001,-0.03448691642651267,-0.22286516810758894,1.2357071181556196,-0.43233521613833714,10.784406186359238,-1.545429855907783,N3
1.6600000000000001,-0.01917279538904869,-0.22808322766570616,1.2302546685878961,-0.8840441498559164,9.07583077809795,-1.6539572334293968,N3
1.67,-0.0038586743515850452,-0.23330128722382323,1.224802219020173,-1.3357530835734854,7.3672553698367,-1.7624846109510082,N3
1.68,0.011455446685878931,-0.23851934678194042,1.2193497694524496,-1.7874620172910647,5.658679961575412,-1.8710119884726222,N3
1.69,0.026769567723342907,-0.2437374063400576,1.2138973198847263,-2.239170951008644,3.950104553314125,-1.979539365994236,N3
1.7,0.0420836887608069,-0.2489554658981748,1.208444870317003,-2.690879884726223,2.241529145052837,-2.0880667435158498,N3
1.71,0.05739780979827086,-0.254173525456292,1.2029924207492795,-3.142588818443803,0.5329537367915513,-2.1965941210374638,N3
1.72,0.0650722862129145,-0.25736418848167536,1.1991021465968585,-3.4963430366492143,-0.565449598603839,-2.127864013961606,N3
1.73,0.06219677719604422,-0.25775511343804536,1.1973691623036649,-3.714826457242583,-0.8212343571844094,-1.8143497614892379,N3
1.74,0.05932126817917394,-0.25814603839441536,1.1956361780104712,-3.9333098778359514,-1.0770191157649798,-1.50083550901687,N3
1.75,0.05644575916230366,-0.25853696335078535,1.1939031937172775,-4.15179329842932,-1.3328038743455504,-1.187321256544502,N3
1.76,0.05357025014543339,-0.2589278883071553,1.1921702094240838,-4.370276719022688,-1.5885886329261205,-0.873807004072134,N3
1.77,0.050694741128563106,-0.2593188132635253,1.19043722513089,-4.588760139616057,-1.844373391506691,-0.5602927515997658,N3
1.78,0.04781923211169283,-0.2597097382198953,1.1887042408376962,-4.807243560209425,-2.1001581500872613,-0.24677849912739758,N3
1.79,0.04494372309482256,-0.26010066317626523,1.1869712565445025,-5.025726980802794,-2.355942908667832,0.0667357533449704,N3
1.8,0.042068214077952276,-0.26049158813263523,1.1852382722513088,-5.244210401396162,-2.611727667248402,0.38025000581733837,N3
1.81,0.039192705061082,-0.26088251308900523,1.1835052879581152,-5.4626938219895305,-2.8675124258289726,0.6937642582897063,N3
1.82,0.03631719604421173,-0.26127343804537523,1.1817723036649215,-5.6811772425828995,-3.123297184409543,1.0072785107620743,N3
1.83,0.033441687027341446,-0.26166436300174517,1.1800393193717278,-5.8996606631762685,-3.3790819429901133,1.3207927632344423,N3
1.84,0.030566178010471172,-0.26205528795811517,1.1783063350785339,-6.118144083769636,-3.634866701570684,1.6343070157068103,N3
1.85,0.02769066899360089,-0.26244621291448517,1.1765733507853402,-6.336627504363005,-3.890651460151254,1.9478212681791782,N3
1.86,0.024815159976730616,-0.26283713787085516,1.1748403664921465,-6.555110924956374,-4.146436218731825,2.261335520651546,N3
1.87,0.021939650959860335,-0.2632280628272251,1.1731073821989528,-6.773594345549742,-4.402220977312395,2.574849773123914,N3
1.8800000000000001,0.01906414194299006,-0.2636189877835951,1.1713743979057591,-6.99207776614311,-4.658005735892966,2.888364025596283,N3
1.8900000000000001,0.008656249999999359,-0.2634718965517241,1.171299051724138,-7.538698663793133,-5.215186594827615,2.839166982758598,N3
1.9000000000000001,-0.026968750000000503,-0.2615236206896551,1.1767731896551725,-9.183866767241403,-6.781389181034505,1.575675603448258,N3
1.9100000000000001,-0.06259375000000036,-0.2595753448275862,1.1822473275862069,-10.829034870689672,-8.347591767241395,0.3121842241379178,N3
1.92,0.04998583333333145,-0.2495008333333335,1.1645808333333336,-13.57760583333329,-15.007632499999895,-2.9274849999999497,N3
1.93,0.12550225165562942,-0.24862801324503286,1.128238807947021,-15.661590132450323,-20.28693920529799,-2.739805033112678,N3
1.94,0.10496582781456966,-0.2663366225165562,1.0614639735099343,-16.30867622516556,-22.06642264900661,4.17592344370857,N3
1.95,0.0993331297709924,-0.28372572519083955,1.0283180152671758,-16.97022007633587,-19.86457328244278,6.447410992366397,N3
1.96,0.09938311036789294,-0.29290872909698995,1.0126763545150501,-17.225609464882947,-17.01192110367897,6.471395618729114,N3
1.97,0.10195501672240799,-0.29486859531772575,1.0068770234113713,-17.11838204013378,-14.254640167224121,5.286783578595335,N3
1.98,0.10452692307692303,-0.2968284615384615,1.0010776923076925,-17.011154615384616,-11.497359230769273,4.1021715384615565,N3
1.99,0.09329348387096778,-0.29994225806451613,0.986759935483871,-16.706524967741935,-7.495101483870978,3.567889741935484,N3
2.0,0.07029993548387042,-0.3040390322580646,0.9651857419354833,-16.23373787096773,-2.4323079354837533,3.587592967741936,N3
2.0100000000000002,0.0555055769230763,-0.29787980769230743,0.9598549999999998,-14.901642115384558,0.7671736538462897,3.684676730769235,N3
2.02,0.04475593073593067,-0.29431,0.9541382683982683,-13.631535714285699,3.083173679653695,3.595520216450212,N3
2.0300000000000002,0.03925809523809512,-0.29431,0.9476923809523808,-12.455107142857118,4.252996190476216,3.258450952380945,N3
2.04,0.035175624999999947,-0.2931775000000001,0.9377965625000003,-11.123570937500022,5.209444375000006,2.874520625000006,N3
2.05,0.041472500000000065,-0.2837399999999999,0.9026012499999997,-8.654578749999972,4.6011474999999935,2.146942499999992,N3
2.06,0.0928493430656957,-0.2610460583941596,0.873020802919707,-6.265668175182391,3.183934744525488,2.0960561313868644,N3
2.07,0.18501985401460025,-0.22422802919707963,0.8718556204379566,-4.075331824817492,4.074334671532895,3.3577738686131733,N3
2.08,0.3015038022813691,-0.17924015209125474,0.8985961977186312,-2.3015739163498137,7.539608859315645,5.743189885931575,N3
2.09,0.30994182509505713,-0.1784416730038023,0.898958174904943,-2.41651307984791,9.195197452471504,6.228488745247154,N3
2.1,0.3183798479087455,-0.17764319391634978,0.8993201520912548,-2.531452243346012,10.850786045627437,6.713787604562755,N3
2.11,0.32681787072243357,-0.17684471482889733,0.8996821292775665,-2.646391406844108,12.506374638783296,7.199086463878334,N3
2.12,0.33525589353612195,-0.17604623574144485,0.9000441064638783,-2.76133057034221,14.161963231939229,7.6843853231939345,N3
2.13,0.34369391634981,-0.1752477566539924,0.9004060836501901,-2.8762697338403065,15.817551825095087,8.169684182509513,N3
2.14,0.35213193916349844,-0.17444927756653988,0.900768060836502,-2.991208897338408,17.47314041825102,8.654983041825115,N3
2.15,0.3605699619771865,-0.17365079847908743,0.9011300380228137,-3.1061480608365044,19.128729011406875,9.140281901140694,N3
2.16,0.3690079847908749,-0.17285231939163495,0.9014920152091255,-3.221087224334606,20.78431760456281,9.625580760456295,N3
2.17,0.3774460076045629,-0.1720538403041825,0.9018539923954373,-3.3360263878327023,22.43990619771867,10.110879619771875,N3
2.18,0.3858840304182513,-0.17125536121673,0.9022159695817491,-3.450965551330804,24.0954947908746,10.596178479087476,N3
2.19,0.39432205323193936,-0.17045688212927754,0.9025779467680609,-3.5659047148289003,25.751083384030462,11.081477338403054,N3
2.2,0.4027600760456278,-0.16965840304182506,0.9029399239543726,-3.6808438783270017,27.40667197718639,11.566776197718655,N3
2.21,0.4111980988593158,-0.1688599239543726,0.9033019011406844,-3.795783041825098,29.06226057034225,12.052075057034234,N3
2.22,0.4057805367008679,-0.16893022099447513,0.9066701183898975,-3.957213780584065,31.36239548539869,12.49989228887137,N3
2.23,0.3996337332280977,-0.16904624309392266,0.9101965588003158,-4.121091444356752,33.69645389108135,12.94573680347278,N3
2.24,0.3934869297553273,-0.16916226519337016,0.9137229992107342,-4.284969108129446,36.03051229676411,13.39158131807421,N3
2.25,0.3873401262825571,-0.1692782872928177,0.9172494396211524,-4.448846771902134,38.36457070244676,13.837425832675619,N3
2.2600000000000002,0.3811933228097867,-0.16939430939226519,0.9207758800315707,-4.612724435674828,40.69862910812952,14.28327034727705,N3
2.27,0.3750465193370165,-0.1695103314917127,0.924302320441989,-4.776602099447516,43.03268751381218,14.729114861878458,N3
2.2800000000000002,0.3688997158642461,-0.1696263535911602,0.9278287608524074,-4.94047976322021,45.36674591949494,15.174959376479887,N3
2.29,0.3627529123914759,-0.16974237569060774,0.9313552012628256,-5.104357426992897,47.7008043251776,15.620803891081298,N3
2.3000000000000003,0.3566061089187054,-0.16985839779005524,0.934881641673244,-5.268235090765592,50.034862730860354,16.066648405682727,N3
2.31,0.3504593054459353,-0.16997441988950276,0.9384080820836621,-5.432112754538279,52.36892113654301,16.512492920284135,N3
2.32,0.3443125019731651,-0.17009044198895026,0.9419345224940804,-5.595990418310967,54.70297954222567,16.958337434885546,N3
2.33,0.3381656985003947,-0.1702064640883978,0.9454609629044988,-5.759868082083662,57.03703794790843,17.404181949486976,N3
2.34,0.31461314285714476,-0.17384771428571394,0.9501062857142855,-6.3105754285713855,61.702946285713985,17.815920285714277,N3
2.35,0.2463029387755098,-0.18655383673469395,0.9576287346938775,-7.8559876734693965,72.36504016326536,18.139957020408165,N3
2.36,0.1779927346938779,-0.1992599591836734,0.9651511836734693,-9.40139991836734,83.02713404081626,18.463993755102038,N3
2.37,0.08602264367816043,-0.20089528735632184,0.9901899425287358,-10.76379844827587,89.61709367816096,16.97516551724137,N3
2.38,-0.011370217391301158,-0.20169739130434736,1.0162797826086958,-12.144710434782548,94.4985139130436,15.137070434782657,N3
2.39,-0.11459485507246436,-0.21700173913043486,1.016721811594203,-14.091826376811605,90.53789072463765,13.521853043478252,N3
2.4,-0.16276497267759535,-0.22861371584699441,1.0022154644808745,-14.609102349726777,85.35848480874323,13.014937049180329,N3
2.41,-0.18844803278688557,-0.23871754098360667,0.9816034426229505,-14.542359180327868,79.68126622950813,12.960707540983606,N3
2.42,-0.21413109289617466,-0.2488213661202185,0.9609914207650274,-14.475616010928961,74.00404765027326,12.906478032786886,N3
2.43,-0.2382423786407766,-0.25891490291262154,0.9411551456310678,-14.386641310679604,67.92255529126192,12.826056116504844,N3
2.44,-0.23248995145631068,-0.2688129611650485,0.9360580582524272,-13.875267524271845,54.159861116504885,12.247978446601943,N3
2.45,-0.22673752427184451,-0.27871101941747595,0.9309609708737863,-13.363893737864066,40.39716694174725,11.669900776699016,N3
2.46,-0.1854412135922328,-0.26913106796116504,0.928502281553398,-13.043282378640775,27.676351650485383,12.016305291262137,N3
2.47,-0.1437858737864065,-0.25935436893203856,0.9260702427184465,-12.72459791262135,14.966060388349138,12.372048009708749,N3
2.48,-0.1369801369863014,-0.2601732876712329,0.916362191780822,-12.5855898630137,6.795569589041186,13.058247945205471,N3
2.49,-0.13279748858447493,-0.26178972602739725,0.906106484018265,-12.46010584474886,-1.0332157990866797,13.769321004566203,N3
2.5,-0.11138642857142864,-0.2749168571428571,0.8829208571428573,-11.92715542857143,-7.854089714285699,12.098147857142864,N3
2.5100000000000002,-0.08563777777777656,-0.28844777777777814,0.8601711111111104,-11.063615555555488,-13.133164444444606,9.709925555555438,N3
2.52,-0.06321947712418208,-0.29491183006535976,0.8470861437908491,-9.836249542483609,-16.10676575163411,7.55455954248357,N3
2.5300000000000002,-0.06749721590909125,-0.28810903409090877,0.8526907954545457,-9.39928897727272,-17.128465738636383,6.07703198863632,N3
2.54,-0.07756016103059578,-0.27860791465378426,0.8622940096618357,-9.158896352657006,-17.66848380837359,4.810170780998398,N3
2.5500000000000003,-0.07856338164251207,-0.2769662077294686,0.8645742028985507,-9.130623405797103,-17.75575997584541,4.524986400966186,N3
2.56,-0.07956660225442831,-0.275324500805153,0.8668543961352656,-9.102350458937199,-17.843036143317228,4.239802020933986,N3
2.57,-0.08056982286634455,-0.27368279388083744,0.8691345893719805,-9.074077512077297,-17.930312310789045,3.9546176409017857,N3
2.58,-0.08157304347826083,-0.2720410869565218,0.8714147826086955,-9.045804565217393,-18.01758847826087,3.6694332608695737,N3
2.59,-0.08257626409017708,-0.2703993800322062,0.8736949758454104,-9.01753161835749,-18.104864645732686,3.3842488808373736,N3
2.6,-0.08357948470209337,-0.2687576731078905,0.8759751690821255,-8.989258671497586,-18.192140813204507,3.099064500805161,N3
2.61,-0.0845827053140096,-0.2671159661835749,0.8782553623188404,-8.960985724637682,-18.279416980676324,2.813880120772961,N3
2.62,-0.0855859259259259,-0.26547425925925927,0.8805355555555554,-8.932712777777779,-18.366693148148148,2.5286957407407487,N3
2.63,-0.08658914653784214,-0.2638325523349437,0.8828157487922704,-8.904439830917877,-18.453969315619965,2.243511360708549,N3
2.64,-0.08759236714975842,-0.26219084541062804,0.8850959420289854,-8.876166884057973,-18.541245483091785,1.9583269806763361,N3
2.65,-0.08859558776167467,-0.26054913848631245,0.8873761352657004,-8.84789393719807,-18.628521650563606,1.6731426006441366,N3
2.66,-0.08959880837359095,-0.2589074315619968,0.8896563285024154,-8.819620990338166,-18.715797818035426,1.387958220611924,N3
2.67,-0.08687056856187311,-0.25793969899665553,0.8941203929765883,-8.79548857859532,-18.884001438127083,1.148137274247501,N3
2.68,-0.08195083612040141,-0.25736779264214044,0.8998670484949831,-8.773787909698997,-19.09973387959866,0.9349583444816084,N3
2.69,-0.0770311036789299,-0.2567958862876254,0.9056137040133777,-8.752087240802677,-19.31546632107023,0.7217794147157254,N3
2.7,-0.0721113712374582,-0.25622397993311036,0.9113603595317725,-8.730386571906354,-19.531198762541806,0.5086004849498328,N3
2.71,-0.06719163879598669,-0.2556520735785953,0.9171070150501671,-8.708685903010034,-19.746931204013375,0.29542155518394975,N3
2.72,-0.062271906354514975,-0.2550801672240803,0.9228536705685619,-8.686985234113713,-19.962663645484955,0.08224262541805727,N3
2.73,-0.05735217391304348,-0.25450826086956524,0.9286003260869565,-8.665284565217393,-20.17839608695652,-0.13093630434782577,N3
2.74,-0.052432441471571764,-0.25393635451505014,0.9343469816053513,-8.64358389632107,-20.3941285284281,-0.34411523411371836,N3
2.75,-0.04751270903010027,-0.2533644481605351,0.9400936371237459,-8.62188322742475,-20.609860969899668,-0.5572941638796014,N3
2.7600000000000002,-0.04259297658862855,-0.25279254180602007,0.9458402926421408,-8.600182558528427,-20.825593411371248,-0.7704730936454938,N3
2.77,-0.03767324414715706,-0.252220635451505,0.9515869481605352,-8.578481889632107,-21.041325852842817,-0.9836520234113768,N3
2.7800000000000002,-0.03275351170568534,-0.25164872909698993,0.9573336036789302,-8.556781220735786,-21.257058294314394,-1.1968309531772692,N3
2.79,-0.028630674157303245,-0.24958550561797746,0.9666918426966297,-8.717421123595514,-21.337443303370787,-1.3246449213483176,N3
2.8000000000000003,-0.02490033707865149,-0.24678775280898863,0.9778289213483152,-8.967870561797767,-21.351164651685394,-1.4104134606741618,N3
2.81,-0.0211699999999999,-0.24398999999999993,0.9889660000000003,-9.218320000000007,-21.364886,-1.4961820000000021,N3
2.82,-0.017439662921348312,-0.24119224719101123,1.0001030786516856,-9.468769438202248,-21.378607348314606,-1.5819505393258426,N3
2.83,-0.018053219512195413,-0.24199770731707343,1.0114890243902441,-9.834516975609771,-21.159930487804857,-1.8487387804878213,N3
2.84,-0.03406785365853639,-0.255578195121951,1.0237573170731706,-10.60904868292682,-20.117296341463426,-2.7573241463414524,N3
2.85,-0.049867500000000016,-0.2706832638888889,1.03268625,-11.226676805555556,-19.320399930555556,-3.95483479166667,N3
2.86,-0.06461749999999951,-0.29323187499999925,1.0253112500000003,-11.078246250000005,-19.723281874999984,-6.562980624999913,N3
2.87,-0.03854545931758588,-0.2978695800524934,1.0426142257217843,-11.049871076115485,-20.446354041994738,-7.8785482939632425,N3
2.88,0.002625144356953893,-0.29588270341207357,1.0690446719160096,-11.06589994750656,-21.287852729658763,-8.716039107611518,N3
2.89,0.04379574803149551,-0.29389582677165355,1.0954751181102358,-11.081928818897637,-22.129351417322823,-9.55352992125983,N3
2.9,0.08496635170603528,-0.2919089501312337,1.121905564304461,-11.097957690288712,-22.970850104986848,-10.391020734908107,N3
2.91,0.21915486486486177,-0.27778837837837866,1.2497554054054025,-14.269031621621547,-17.818444324324446,-7.924078918918978,N3
2.92,0.2501757142857185,-0.29098142857142667,1.301947142857145,-18.13958428571412,-7.3086142857149206,-4.3664114285716025,N3
2.93,0.13959779220779125,-0.3402801298701303,1.246622467532467,-22.551207662337703,9.356398701298847,0.213744415584455,N3
2.94,0.02190578947368614,-0.3772547368421047,1.1782084210526327,-23.564888421052622,18.212534210526186,-2.823622894736779,N3
2.95,-0.09657666666666667,-0.41286,1.10834,-24.20102,26.201016666666668,-6.7073816666666675,N3
2.96,-0.14320204379562038,-0.4271095620437956,1.0345568613138705,-23.4892759854015,26.33476394160596,-12.881488540145789,N3
2.97,-0.14548210526315788,-0.419929013157895,0.9625022368421057,-21.70811684210528,19.750905328947454,-17.53535875000003,N3
2.98,-0.1468505263157894,-0.3877250657894748,0.9028311842105283,-19.197064210526403,7.456806644737272,-13.417233750000143,N3
2.99,-0.14231101449275366,-0.36030391304347836,0.85352615942029,-16.298150217391317,-4.124464927536187,-8.210754130434804,N3
3.0,-0.1171699270073003,-0.33358729927007347,0.8160502919708033,-13.013985912408824,-13.848445182481633,-3.9837341605839707,N3
3.0100000000000002,-0.05782686131386848,-0.3048938686131386,0.7934225547445255,-9.280774233576635,-20.612802846715347,-2.3232889051094854,N3
3.02,-0.05266642899584083,-0.3030121687462864,0.7928133630421865,-8.945633220439696,-20.85654799168152,-2.2011800831847905,N3
3.0300000000000002,-0.04861176470588231,-0.3016776470588235,0.7926535294117647,-8.679840588235292,-20.96721941176471,-2.1104658823529405,N3
3.04,-0.04455710041592398,-0.30034312537136065,0.7924936957813428,-8.414047956030899,-21.077890831847892,-2.019751681521094,N3
3.0500000000000003,-0.04050243612596546,-0.29900860368389776,0.7923338621509209,-8.148255323826495,-21.188562251931078,-1.9290374806892439,N3
3.06,-0.03644777183600713,-0.2976740819964349,0.7921740285204991,-7.882462691622104,-21.29923367201426,-1.8383232798573976,N3
3.0700000000000003,-0.03239310754604861,-0.296339560308972,0.7920141948900772,-7.6166700594177,-21.40990509209745,-1.7476090790255472,N3
3.08,-0.028338443256090282,-0.2950050386215092,0.7918543612596554,-7.350877427213308,-21.520576512180632,-1.656894878193701,N3
3.09,-0.02428377896613195,-0.29367051693404633,0.7916945276292335,-7.085084795008916,-21.631247932263815,-1.5661806773618547,N3
3.1,-0.020229114676173436,-0.29233599524658344,0.7915346939988116,-6.819292162804512,-21.741919352347004,-1.4754664765300045,N3
3.11,-0.0161744503862151,-0.2910014735591206,0.7913748603683898,-6.553499530600119,-21.852590772430187,-1.3847522756981583,N3
3.12,-0.012119786096256586,-0.2896669518716577,0.7912150267379678,-6.287706898395715,-21.963262192513373,-1.2940380748663078,N3
3.13,-0.008065121806298252,-0.28833243018419485,0.791055193107546,-6.021914266191324,-22.073933612596555,-1.2033238740344616,N3
3.14,-0.004010457516339737,-0.28699790849673196,0.7908953594771242,-5.756121633986919,-22.184605032679745,-1.1126096732026114,N3
3.15,4.420677361859776e-05,-0.2856633868092691,0.7907355258467023,-5.490329001782527,-22.295276452762927,-1.0218954723707652,N3
3.16,0.004098871063577113,-0.2843288651218062,0.7905756922162804,-5.224536369578123,-22.405947872846113,-0.931181271538915,N3
3.17,0.008153535353535447,-0.2829943434343434,0.7904158585858586,-4.958743737373731,-22.5166192929293,-0.8404670707070685,N3
3.18,0.011830512820512897,-0.28168572649572643,0.7905544444444446,-4.706461282051274,-22.566976239316226,-0.7565746153846131,N3
3.19,0.013367264957264997,-0.2805239031339031,0.7923840740740741,-4.530736495726491,-22.275551168091162,-0.7113387179487168,N3
3.2,0.014904017094017164,-0.2793620797720797,0.7942137037037038,-4.355011709401701,-21.984126096866085,-0.6661028205128184,N3
3.21,0.016440769230769266,-0.27820025641025636,0.7960433333333333,-4.179286923076919,-21.69270102564102,-0.6208669230769222,N3
3.22,0.017977521367521433,-0.277038433048433,0.7978729629629631,-4.003562136752129,-21.401275954415944,-0.5756310256410238,N3
3.23,0.019514273504273535,-0.27587660968660965,0.7997025925925926,-3.8278373504273473,-21.10985088319088,-0.5303951282051274,N3
3.24,0.021051025641025702,-0.2747147863247863,0.8015322222222223,-3.6521125641025574,-20.818425811965803,-0.485159230769229,N3
3.25,0.022587777777777804,-0.27355296296296294,0.8033618518518518,-3.476387777777775,-20.527000740740736,-0.4399233333333326,N3
3.2600000000000002,0.02412452991452997,-0.27239113960113953,0.8051914814814816,-3.3006629914529846,-20.235575669515658,-0.39468743589743427,N3
3.27,0.02566128205128207,-0.27122931623931623,0.8070211111111111,-3.1249382051282026,-19.944150598290594,-0.3494515384615379,N3
3.2800000000000002,0.02719803418803424,-0.2700674928774928,0.8088507407407408,-2.9492134188034127,-19.652725527065517,-0.3042156410256395,N3
3.29,0.028734786324786342,-0.26890566951566947,0.8106803703703703,-2.7734886324786308,-19.361300455840453,-0.2589797435897432,N3
3.3000000000000003,0.03027153846153851,-0.2677438461538461,0.8125100000000001,-2.5977638461538404,-19.069875384615376,-0.21374384615384479,N3
3.31,0.031808290598290614,-0.26658202279202275,0.8143396296296296,-2.4220390598290584,-18.778450313390312,-0.1685079487179485,N3
3.3200000000000003,0.03334504273504278,-0.2654201994301994,0.8161692592592593,-2.2463142735042685,-18.487025242165235,-0.1232720512820501,N3
3.33,0.03488179487179488,-0.26425837606837604,0.8179988888888888,-2.070589487179486,-18.195600170940168,-0.0780361538461537,N3
3.34,0.03641854700854698,-0.2630965527065527,0.8198285185185185,-1.8948647008547042,-17.904175099715104,-0.03280025641025741,N3
3.35,0.037955299145299146,-0.26193472934472933,0.8216581481481481,-1.7191399145299142,-17.612750028490026,0.012435641025640987,N3
3.36,0.035164833948339594,-0.2577415867158673,0.8268490405904058,-1.1992861623616382,-15.515391808118144,-0.1621386346863406,N3
3.37,0.029489557195571912,-0.2515275645756457,0.8342807749077491,-0.450013099630991,-12.214078154981525,-0.4832530258302606,N3
3.38,0.023814280442804488,-0.24531354243542441,0.8417125092250922,0.2992599630996231,-8.912764501845054,-0.8043674169741664,N3
3.39,0.016577756410256335,-0.23453192307692294,0.8841774358974364,0.7997632051282098,-4.49070083333329,-1.7281267948718044,N3
3.4,0.013213333333333252,-0.22511596491228078,0.9235628947368417,1.0806180701754404,-1.1964601754386084,-2.4735534210526278,N3
3.41,0.01810222222222222,-0.2196188888888889,0.947905,0.9779455555555556,-0.47327888888888914,-2.705685,N3
3.42,0.022991111111110976,-0.21412181286549722,0.9722471052631572,0.8752730409356755,0.24990239766079814,-2.937816578947362,N3
3.43,0.027879999999999943,-0.20862473684210533,0.9965892105263154,0.7726005263157907,0.9730836842105177,-3.1699481578947344,N3
3.44,0.02638360465116285,-0.1976015116279073,1.0097581976744183,0.38372069767443,1.2885681395348763,-2.9565943604651235,N3
3.45,0.019473263888888925,-0.18845562500000002,1.0207702777777778,-0.19794493055555396,1.6141859027777772,-2.866940277777777,N3
3.46,-0.007825347222221238,-0.18964312499999997,1.0272980555555553,-1.480812986111065,2.1549011805555365,-3.492468055555533,N3
3.47,-0.029499999999999853,-0.1960941666666666,1.0262341666666666,-2.743004999999991,1.0814258333333453,-4.5648833333333245,N3
3.48,-0.049299999999999664,-0.2042997222222221,1.022639722222222,-3.9983049999999785,-0.5301130555555278,-5.786261111111091,N3
3.49,-0.055940261780104784,-0.21400109947643992,1.0035793717277484,-4.554657172774875,-4.809963560209475,-6.1282912565445065,N3
3.5,-0.060130000000000114,-0.22367354838709677,0.983377741935484,-5.043590000000001,-9.400644838709653,-6.401375483870969,N3
3.5100000000000002,-0.02212999999999777,-0.23076225806451656,0.9553212903225791,-4.797339999999986,-18.080765806452124,-6.130512580645146,N3
3.52,0.02934076923076904,-0.23398307692307693,0.9335561538461539,-4.785671538461538,-24.81502999999998,-6.1702907692307685,N3
3.5300000000000002,0.07530166666666707,-0.24061000000000013,0.9100054545454542,-5.005781212121216,-26.42377848484845,-6.552858484848492,N3
3.54,0.11363000000000117,-0.24774537313432807,0.8889071641791045,-5.385664029850755,-22.934031641790895,-7.108580298507466,N3
3.5500000000000003,0.15763000000000266,-0.23727522388059638,0.894280298507463,-5.704686417910467,-17.351262985074293,-7.245304179104486,N3
3.56,0.17911000000000032,-0.22959999999999986,0.903997142857143,-6.872410000000025,-9.356597142856982,-7.066522857142853,N3
3.5700000000000003,0.1887688450899031,-0.22549661134163212,0.9104933817427385,-7.770862019363767,-3.611358637620993,-6.9437664384509015,N3
3.58,0.18560356154910093,-0.22656853388658368,0.9100971161825726,-7.935570179806364,-2.47846306362378,-7.018729785615491,N3
3.59,0.1824382780082988,-0.22764045643153524,0.9097008506224067,-8.10027834024896,-1.3455674896265677,-7.093693132780082,N3
3.6,0.1792729944674965,-0.22871237897648689,0.9093045850622407,-8.264986500691565,-0.21267191562930465,-7.168656479944676,N3
3.61,0.17610771092669433,-0.22978430152143844,0.9089083195020747,-8.429694661134162,0.9202236583679078,-7.243619827109267,N3
3.62,0.17294242738589205,-0.23085622406639006,0.9085120539419087,-8.594402821576768,2.0531192323651712,-7.3185831742738605,N3
3.63,0.16977714384508988,-0.23192814661134165,0.9081157883817428,-8.759110982019365,3.186014806362383,-7.393546521438451,N3
3.64,0.1666118603042876,-0.23300006915629326,0.9077195228215768,-8.92381914246197,4.318910380359646,-7.468509868603045,N3
3.65,0.16344657676348545,-0.23407199170124482,0.9073232572614108,-9.088527302904566,5.4518059543568596,-7.543473215767635,N3
3.66,0.16028129322268314,-0.23514391424619643,0.9069269917012448,-9.25323546334717,6.584701528354121,-7.61843656293223,N3
3.67,0.157116009681881,-0.23621583679114802,0.9065307261410789,-9.417943623789768,7.717597102351335,-7.6933999100968204,N3
3.68,0.1539507261410787,-0.23728775933609964,0.9061344605809128,-9.582651784232372,8.850492676348598,-7.768363257261414,N3
3.69,0.15078544260027654,-0.23835968188105122,0.9057381950207468,-9.747359944674969,9.983388250345811,-7.843326604426005,N3
3.7,0.14762015905947423,-0.23943160442600284,0.9053419294605809,-9.912068105117573,11.116283824343075,-7.918289951590598,N3
3.71,0.1444548755186721,-0.2405035269709544,0.9049456639004149,-10.07677626556017,12.249179398340285,-7.993253298755189,N3
3.72,0.13872472832369911,-0.24190976878612724,0.9024251213872831,-10.119707427745666,12.996809196531826,-8.140537664739892,N3
3.73,0.13274091329479754,-0.2433490751445087,0.8996944855491329,-10.15059471098266,13.706335786127184,-8.294974658959541,N3
3.74,0.1267570982658957,-0.24478838150289023,0.8969638497109825,-10.181481994219654,14.415862375722572,-8.449411653179197,N3
3.75,0.12077328323699413,-0.2462276878612717,0.8942332138728324,-10.212369277456647,15.125388965317928,-8.603848647398847,N3
3.7600000000000002,0.11478946820809229,-0.24766699421965324,0.891502578034682,-10.243256560693641,15.834915554913316,-8.758285641618503,N3
3.77,0.1088056531791907,-0.2491063005780347,0.8887719421965318,-10.274143843930636,16.544442144508672,-8.91272263583815,N3
3.7800000000000002,0.10282183815028886,-0.25054560693641625,0.8860413063583814,-10.30503112716763,17.253968734104063,-9.067159630057807,N3
3.79,0.09683802312138728,-0.2519849132947977,0.8833106705202313,-10.335918410404624,17.96349532369942,-9.221596624277456,N3
3.8000000000000003,0.09085420809248546,-0.25342421965317924,0.8805800346820809,-10.366805693641618,18.673021913294807,-9.376033618497113,N3
3.81,0.08487039306358388,-0.2548635260115607,0.8778493988439307,-10.397692976878613,19.382548502890163,-9.530470612716762,N3
3.8200000000000003,0.07888657803468203,-0.2563028323699422,0.8751187630057804,-10.428580260115607,20.09207509248555,-9.684907606936417,N3
3.83,0.07290276300578047,-0.2577421387283237,0.8723881271676301,-10.4594675433526,20.801601682080907,-9.839344601156068,N3
3.84,0.06691894797687889,-0.25918144508670515,0.8696574913294799,-10.490354826589593,21.511128271676263,-9.993781595375715,N3
3.85,0.06093513294797705,-0.2606207514450867,0.8669268554913296,-10.521242109826588,22.220654861271655,-10.148218589595372,N3
3.86,0.05495131791907547,-0.26206005780346814,0.8641962196531794,-10.552129393063582,22.93018145086701,-10.302655583815021,N3
3.87,0.04896750289017364,-0.26349936416184966,0.861465583815029,-10.583016676300577,23.6397080404624,-10.457092578034677,N3
3.88,0.04298368786127206,-0.2649386705202311,0.8587349479768789,-10.61390395953757,24.349234630057758,-10.611529572254327,N3
3.89,0.04065,-0.2655,0.85767,-10.62595,24.62595,-10.67176,N3
3.9,0.04065,-0.2655,0.85767,-10.62595,24.62595,-10.67176,N3
3.91,0.04065,-0.2655,0.85767,-10.62595,24.62595,-10.67176,N3
3.92,0.04065,-0.2655,0.85767,-10.62595,24.62595,-10.67176,N3
3.93,0.04065,-0.2655,0.85767,-10.62595,24.62595,-10.67176,N3
3.94,0.04065,-0.2655,0.85767,-10.62595,24.62595,-10.67176,N3
3.95,0.04065,-0.2655,0.85767,-10.62595,24.62595,-10.67176,N3
3.96,0.04065,-0.2655,0.85767,-10.62595,24.62595,-10.67176,N3
3.97,0.04065,-0.2655,0.85767,-10.62595,24.62595,-10.67176,N3
3.98,0.04065,-0.2655,0.85767,-10.62595,24.62595,-10.67176,N3
3.99,0.04065,-0.2655,0.85767,-10.62595,24.62595,-10.67176,N3
4.0,0.04065,-0.2655,0.85767,-10.62595,24.62595,-10.67176,N3
